63.32235240936279 3.0167274475097656 200.0 200.0 0.38946768641471863 0.12173038721084595 0.07913542538881302 0.07913542538881302
180.5874469280243 2.977530002593994 200.0 200.0 0.35264360904693604 0.1161620169878006 0.15061523020267487 0.15061523020267487
244.87035608291626 2.977283239364624 200.0 200.0 0.32037681341171265 0.1115838810801506 0.0028527816757559776 0.0028527816757559776
302.3786494731903 2.789278745651245 200.0 200.0 0.29878610372543335 0.10867708921432495 0.0394081212580204 0.0394081212580204
358.06738567352295 2.9616870880126953 200.0 200.0 0.27301713824272156 0.1053745448589325 0.1497289389371872 0.1497289389371872
419.5159375667572 2.954962730407715 200.0 200.0 0.2503460645675659 0.1026090607047081 0.13865073025226593 0.13865073025226593
473.8615548610687 2.9595885276794434 200.0 200.0 0.23039062321186066 0.1002766489982605 0.00674374820664525 0.00674374820664525
540.6237285137177 2.951270341873169 200.0 200.0 0.21284735202789307 0.09829484671354294 0.06541726738214493 0.06541726738214493
583.3544480800629 2.7222063541412354 200.0 200.0 0.19745111465454102 0.09659753739833832 0.32636404037475586 0.32636404037475586
649.2727806568146 2.9538094997406006 200.0 200.0 0.1839611977338791 0.09513154625892639 0.11827412992715836 0.11827412992715836
693.8441977500916 2.952813148498535 200.0 200.0 0.1721697747707367 0.0938541367650032 0.04054798185825348 0.04054798185825348
749.1422529220581 2.9519338607788086 200.0 200.0 0.16188782453536987 0.09273076802492142 0.06437815725803375 0.06437815725803375
825.6877670288086 2.9509100914001465 200.0 200.0 0.15295681357383728 0.09173350036144257 0.08281431347131729 0.08281431347131729
908.8318769931793 2.9473001956939697 200.0 200.0 0.14520342648029327 0.09083962440490723 0.02225511334836483 0.02225511334836483
949.4482254981995 2.9562313556671143 200.0 200.0 0.13850057125091553 0.090030737221241 0.03433896228671074 0.03433896228671074
1020.0227377414703 2.956508159637451 200.0 200.0 0.13270780444145203 0.08929192274808884 0.060490742325782776 0.060490742325782776
1068.5049648284912 2.961787700653076 200.0 200.0 0.12771598994731903 0.08861100673675537 0.022362099960446358 0.022362099960446358
1183.483903169632 2.951244592666626 200.0 200.0 0.12341254949569702 0.08797810226678848 0.03427073732018471 0.03427073732018471
1250.9933519363403 2.958402156829834 200.0 200.0 0.11969433724880219 0.08738523721694946 0.057780731469392776 0.057780731469392776
1299.0362222194672 2.758145809173584 200.0 200.0 0.11649048328399658 0.08682583272457123 0.19693565368652344 0.19693565368652344
1386.6087982654572 2.9571597576141357 200.0 200.0 0.11371506005525589 0.08629455417394638 0.031018495559692383 0.031018495559692383
1427.0852074623108 2.9694981575012207 200.0 200.0 0.11130426079034805 0.0857870951294899 0.009573106653988361 0.009573106653988361
1524.801994085312 2.9592063426971436 200.0 200.0 0.10920684039592743 0.08529987186193466 0.009981767274439335 0.009981767274439335
1583.6495492458344 2.9604249000549316 200.0 200.0 0.10736331343650818 0.08482998609542847 0.02856854908168316 0.02856854908168316
1638.811105966568 2.960386037826538 200.0 200.0 0.10574641823768616 0.08437509089708328 0.019874345511198044 0.019874345511198044
1720.6133778095245 2.9588310718536377 200.0 200.0 0.10430287569761276 0.08393322676420212 0.03458452969789505 0.03458452969789505
1788.1991174221039 2.965365171432495 200.0 200.0 0.10301142930984497 0.08350285142660141 0.01599881984293461 0.01599881984293461
1875.395825624466 2.960397243499756 200.0 200.0 0.10184898972511292 0.08308267593383789 0.03249276056885719 0.03249276056885719
1933.9115099906921 2.9627504348754883 200.0 200.0 0.1007905825972557 0.08267157524824142 0.004697546828538179 0.004697546828538179
1981.4335889816284 2.9747776985168457 200.0 200.0 0.09981942176818848 0.08226870000362396 0.026721730828285217 0.026721730828285217
2013.9132096767426 2.760841131210327 200.0 200.0 0.09892116487026215 0.081873320043087 0.08962344378232956 0.08962344378232956
2051.8734312057495 2.9825360774993896 200.0 200.0 0.0980820283293724 0.0814848393201828 0.0031063351780176163 0.0031063351780176163
2117.958123445511 2.982649087905884 200.0 200.0 0.09729842096567154 0.08110274374485016 0.01392711978405714 0.01392711978405714
2185.3760857582092 2.981822967529297 200.0 200.0 0.096558578312397 0.08072660863399506 0.016179341822862625 0.016179341822862625
2263.4611008167267 2.974116325378418 200.0 200.0 0.09585302323102951 0.08035607635974884 0.00989575032144785 0.00989575032144785
2349.7206015586853 2.9768450260162354 200.0 200.0 0.09518163651227951 0.07999083399772644 0.008768973872065544 0.008768973872065544
2424.0740220546722 2.9773104190826416 200.0 200.0 0.09453555941581726 0.07963061332702637 0.0007044909871183336 0.0007044909871183336
2546.9541079998016 2.9834747314453125 200.0 200.0 0.09390939772129059 0.07927519828081131 0.008231250569224358 0.008231250569224358
2602.8217356204987 2.981295108795166 200.0 200.0 0.09330019354820251 0.07892445474863052 0.0015169534599408507 0.0015169534599408507
2682.848675251007 2.985562324523926 200.0 200.0 0.09271364659070969 0.07857818901538849 0.008912711404263973 0.008912711404263973
2754.1695663928986 2.9804322719573975 200.0 200.0 0.09214096516370773 0.07823620736598969 0.002708473475649953 0.002708473475649953
2830.362706422806 2.985602378845215 200.0 200.0 0.0915820300579071 0.07789842784404755 0.005956626031547785 0.005956626031547785
2883.7809677124023 2.9905409812927246 200.0 200.0 0.09103568643331528 0.07756468653678894 0.00029653747333213687 0.00029653747333213687
2950.9257016181946 2.9928829669952393 200.0 200.0 0.09050110727548599 0.07723488658666611 0.0019498298643156886 0.0019498298643156886
3000.566148519516 2.781787157058716 200.0 200.0 0.0899725928902626 0.07690895348787308 0.017689188942313194 0.017689188942313194
3054.1083810329437 2.995779037475586 200.0 200.0 0.08945079892873764 0.07658679783344269 0.001984309172257781 0.001984309172257781
3105.244728088379 2.997819423675537 200.0 200.0 0.08893841505050659 0.07626835256814957 0.0011264646891504526 0.0011264646891504526
3207.4293887615204 2.996025323867798 200.0 200.0 0.08843264728784561 0.07595352828502655 0.004284626804292202 0.004284626804292202
3259.0993189811707 2.9947164058685303 200.0 200.0 0.08793669939041138 0.07564225047826767 0.0015175064327195287 0.0015175064327195287
3360.6323630809784 2.9880237579345703 200.0 200.0 0.08744875341653824 0.07533443719148636 0.0017665124032646418 0.0017665124032646418
3471.629631996155 3.004917621612549 200.0 200.0 0.08696900308132172 0.07503001391887665 0.0018464092863723636 0.0018464092863723636
3509.6367630958557 3.010770320892334 200.0 200.0 0.08648927509784698 0.07472892105579376 0.0008387949783354998 0.0008387949783354998
3567.8419177532196 3.0052714347839355 200.0 200.0 0.08601462841033936 0.07443113625049591 0.00047255706158466637 0.00047255706158466637
3630.7908787727356 3.0043840408325195 200.0 200.0 0.08554638922214508 0.07413660734891891 0.001429326948709786 0.001429326948709786
3679.2859477996826 3.011103630065918 200.0 200.0 0.0850837454199791 0.0738452598452568 0.0008832891471683979 0.0008832891471683979
3794.0418696403503 3.007317543029785 200.0 200.0 0.08462797105312347 0.0735570415854454 0.0007500295178033412 0.0007500295178033412
3865.278038263321 3.0170211791992188 200.0 200.0 0.0841783881187439 0.07327190041542053 0.0014708231901749969 0.0014708231901749969
3917.6848011016846 3.025831699371338 200.0 200.0 0.08373242616653442 0.07298976927995682 0.00013092136941850185 0.00013092136941850185
3968.48122882843 3.027796506881714 200.0 200.0 0.08328749239444733 0.07271064072847366 0.0015680991346016526 0.0015680991346016526
4037.9751381874084 3.013578414916992 200.0 200.0 0.08284790813922882 0.0724344551563263 0.00040392635855823755 0.00040392635855823755
4102.436671257019 3.016523838043213 200.0 200.0 0.08241727203130722 0.07216114550828934 0.0006269925506785512 0.0006269925506785512
4164.020110368729 3.0253100395202637 200.0 200.0 0.08198663592338562 0.07189067453145981 0.0008102527935989201 0.0008102527935989201
4287.541122198105 3.017840623855591 200.0 200.0 0.08156458288431168 0.07162301987409592 0.0003565268707461655 0.0003565268707461655
4354.80974650383 3.024005651473999 200.0 200.0 0.08114240318536758 0.07135811448097229 0.0004475200257729739 0.0004475200257729739
4408.466287136078 3.034574508666992 200.0 200.0 0.08072744309902191 0.07109592109918594 0.0006099206511862576 0.0006099206511862576
4457.329047679901 3.035308361053467 200.0 200.0 0.08031380921602249 0.07083641737699509 0.0003535757423378527 0.0003535757423378527
4508.640477895737 3.0461010932922363 200.0 200.0 0.07990596443414688 0.07057955116033554 0.00012960472668055445 0.00012960472668055445
4555.657816648483 3.037973165512085 200.0 200.0 0.07949880510568619 0.07032529264688492 0.00029126458684913814 0.00029126458684913814
4625.37907576561 3.036400079727173 200.0 200.0 0.07909476011991501 0.07007361948490143 0.0007196393562480807 0.0007196393562480807
4684.57776761055 2.8543248176574707 200.0 200.0 0.07869645953178406 0.06982448697090149 0.00014505491708405316 0.00014505491708405316
4768.807891845703 3.0417561531066895 200.0 200.0 0.07830245047807693 0.06957783550024033 1.6261952623608522e-05 1.6261952623608522e-05
4817.701653718948 3.0456225872039795 200.0 200.0 0.07791539281606674 0.06933364272117615 0.0005913208005949855 0.0005913208005949855
4876.554402589798 3.056190013885498 200.0 200.0 0.07752877473831177 0.06909187138080597 0.0005743534420616925 0.0005743534420616925
4975.33362030983 3.049748420715332 200.0 200.0 0.07714613527059555 0.06885247677564621 0.0010010997066274285 0.0010010997066274285
5038.626860380173 3.049215793609619 200.0 200.0 0.07676514983177185 0.06861544400453568 0.00028471765108406544 0.00028471765108406544
5102.060799598694 3.0595006942749023 200.0 200.0 0.07638725638389587 0.06838074326515198 0.0003524437779560685 0.0003524437779560685
5162.840658187866 3.06068754196167 200.0 200.0 0.07601035386323929 0.06814834475517273 0.00044905993854627013 0.00044905993854627013
5203.847503900528 3.0725347995758057 200.0 200.0 0.07563872635364532 0.06791824102401733 0.000345830456353724 0.000345830456353724
5248.893357038498 3.0763983726501465 200.0 200.0 0.07527095824480057 0.06769036501646042 0.00015823746798560023 0.00015823746798560023
5356.648248434067 3.0697007179260254 200.0 200.0 0.07490656524896622 0.06746469438076019 0.0002959137491416186 0.0002959137491416186
5406.4102647304535 3.0803427696228027 200.0 200.0 0.07454194128513336 0.06724120676517487 9.153918654192239e-05 9.153918654192239e-05
5475.030820846558 3.0786452293395996 200.0 200.0 0.07418177276849747 0.06701987981796265 4.8401914682472125e-05 4.8401914682472125e-05
5532.266571521759 3.0807876586914062 200.0 200.0 0.07382559776306152 0.06680069118738174 2.192674219259061e-05 2.192674219259061e-05
5624.273914813995 3.0803661346435547 200.0 200.0 0.07347051799297333 0.06658360362052917 0.000208703160751611 0.000208703160751611
5671.847279787064 3.0810484886169434 200.0 200.0 0.07312070578336716 0.06636857986450195 1.9390956367715262e-05 1.9390956367715262e-05
5737.626027107239 3.0841562747955322 200.0 200.0 0.07277121394872665 0.06615561246871948 0.00016481123748235404 0.00016481123748235404
5782.20040845871 2.833503484725952 200.0 200.0 0.07242830842733383 0.06594465672969818 0.0003336544905323535 0.0003336544905323535
5839.361854314804 3.0947372913360596 200.0 200.0 0.07208750396966934 0.06573568284511566 9.210759890265763e-05 9.210759890265763e-05
5895.000866651535 3.0846023559570312 200.0 200.0 0.07175163179636002 0.06552866846323013 4.6568318794015795e-05 4.6568318794015795e-05
5952.235151052475 3.0980148315429688 200.0 200.0 0.07141172885894775 0.06532358378171921 0.00043468523654155433 0.00043468523654155433
5995.323530435562 3.1079859733581543 200.0 200.0 0.07107730954885483 0.06512042880058289 0.00018034248205367476 0.00018034248205367476
6045.319671630859 3.100275993347168 200.0 200.0 0.07074631750583649 0.06491918116807938 0.00019589316798374057 0.00019589316798374057
6105.91012096405 3.1089987754821777 200.0 200.0 0.07041653245687485 0.0647197887301445 8.342241198988631e-05 8.342241198988631e-05
6168.978953123093 3.106938362121582 200.0 200.0 0.07009105384349823 0.06452224403619766 5.282292841002345e-05 5.282292841002345e-05
6227.781352758408 3.1050124168395996 200.0 200.0 0.06976685672998428 0.06432653963565826 7.541390368714929e-05 7.541390368714929e-05
6300.182313203812 3.109976053237915 200.0 200.0 0.06944552063941956 0.06413262337446213 8.588216587668285e-05 8.588216587668285e-05
6359.267374277115 3.1211187839508057 200.0 200.0 0.06912735104560852 0.06394048035144806 9.094316919799894e-05 9.094316919799894e-05
6414.833679437637 3.114305019378662 200.0 200.0 0.06880820542573929 0.06375011056661606 0.0004942375235259533 0.0004942375235259533
6506.759864330292 3.126676082611084 200.0 200.0 0.06849166005849838 0.06356149166822433 0.00024888632469810545 0.00024888632469810545
6573.728814601898 3.1173436641693115 200.0 200.0 0.06817878782749176 0.0633745938539505 0.0001150496827904135 0.0001150496827904135
6625.52018737793 3.1306896209716797 200.0 200.0 0.06787215173244476 0.06318939477205276 6.97123323334381e-05 6.97123323334381e-05
6706.025444030762 3.135148525238037 200.0 200.0 0.06756714731454849 0.06300584971904755 4.346591595094651e-05 4.346591595094651e-05
6758.099249362946 3.137160062789917 200.0 200.0 0.06726647168397903 0.06282395124435425 7.663530413992703e-05 7.663530413992703e-05
6805.000182390213 3.1464052200317383 200.0 200.0 0.06696304678916931 0.06264367699623108 0.00015701794472988695 0.00015701794472988695
6858.696192741394 3.148047685623169 200.0 200.0 0.0666627362370491 0.06246502697467804 0.0006310844328254461 0.0006310844328254461
6948.654191017151 3.139225721359253 200.0 200.0 0.06636541336774826 0.062287963926792145 0.000164323253557086 0.000164323253557086
7006.540004968643 3.1489462852478027 200.0 200.0 0.0660705715417862 0.0621124729514122 1.1997353794868104e-05 1.1997353794868104e-05
7111.721796512604 3.148016929626465 200.0 200.0 0.0657772645354271 0.061938535422086716 0.00033423895365558565 0.00033423895365558565
7169.582976102829 3.1603987216949463 200.0 200.0 0.06548824906349182 0.0617661327123642 2.9221937438705936e-05 2.9221937438705936e-05
7213.722425699234 3.1624369621276855 200.0 200.0 0.06519748270511627 0.06159525364637375 5.154076916369377e-06 5.154076916369377e-06
