0 0.11363962292671204 5.256454944610596 666.6666666666666 48.66326904296875 0.38318777084350586 0.809498131275177 0.8259771466255188 7.309177875518799 16.031932830810547 16.36222267150879 0.18021929264068604 0.19670343399047852 0.19841302931308746 0.9998681545257568
100 0.09700031578540802 5.150922775268555 666.6666666666666 31.81878662109375 0.15947683155536652 0.4617074429988861 0.5282557606697083 2.786390542984009 8.7800931930542 10.109817504882812 0.12708550691604614 0.17626652121543884 0.18730734288692474 0.9966663718223572
200 0.09366735070943832 4.824923038482666 666.6666666666666 26.206769943237305 0.10723463445901871 0.3132467269897461 0.43392956256866455 1.6406230926513672 6.217184066772461 8.70666217803955 0.018833033740520477 0.02915356121957302 0.025946389883756638 0.9855241775512695
300 0.09214742481708527 4.784365653991699 666.6666666666666 24.2811222076416 0.09177867323160172 0.2687837481498718 0.4164208173751831 1.2933017015457153 5.300036907196045 8.369180679321289 0.05556930601596832 0.1165623590350151 0.13227875530719757 0.9806293249130249
400 0.091143399477005 4.889074325561523 666.6666666666666 23.386987686157227 0.08502540737390518 0.25934675335884094 0.42022669315338135 1.1638083457946777 5.043702125549316 8.25965690612793 0.04491254687309265 0.09311015903949738 0.1063121035695076 0.9822614192962646
500 0.09037882089614868 5.054424285888672 666.6666666666666 22.85770034790039 0.08115364611148834 0.25782647728919983 0.4246513843536377 1.102025032043457 4.94568395614624 8.217575073242188 0.059969525784254074 0.12385464459657669 0.13371886312961578 0.9842919707298279
600 0.08975344151258469 4.821288108825684 666.6666666666666 22.51961898803711 0.07872941344976425 0.25855931639671326 0.42726704478263855 1.0706866979599 4.957871437072754 8.252837181091309 0.01722029782831669 0.05012298747897148 0.05998683348298073 0.9857378602027893
700 0.08921810984611511 5.113062858581543 666.6666666666666 22.272932052612305 0.07698453962802887 0.2593563497066498 0.42896372079849243 1.0423105955123901 4.979734897613525 8.273258209228516 0.02979043871164322 0.05341518670320511 0.05285690352320671 0.9867877960205078
800 0.08874768018722534 4.445270538330078 666.6666666666666 22.085731506347656 0.0756739005446434 0.2602389454841614 0.42997729778289795 1.027660846710205 5.004115581512451 8.305939674377441 0.0899043008685112 0.18570449948310852 0.20391373336315155 0.9874616861343384
900 0.08832520246505737 5.1141886711120605 666.6666666666666 21.92666244506836 0.07456936687231064 0.2604128122329712 0.4301426410675049 1.0150244235992432 4.99939489364624 8.311864852905273 0.031550318002700806 0.06538690626621246 0.06700293719768524 0.9878459572792053
1000 0.08794181793928146 5.089303970336914 666.6666666666666 21.79224967956543 0.07364257425069809 0.26133763790130615 0.4305778741836548 1.0036289691925049 5.013718605041504 8.301782608032227 0.022771218791604042 0.04768815264105797 0.04766452684998512 0.9881826043128967
1100 0.08759121596813202 4.8361496925354 666.6666666666666 21.675445556640625 0.072842076420784 0.2616443634033203 0.430575430393219 0.991916835308075 5.011312484741211 8.277990341186523 0.10040295124053955 0.19328832626342773 0.2067214399576187 0.9884911775588989
1200 0.08726758509874344 4.475451469421387 666.6666666666666 21.562702178955078 0.07207367569208145 0.26197144389152527 0.4305301308631897 0.9851841926574707 5.010204315185547 8.259055137634277 0.23747770488262177 0.4316210448741913 0.44549575448036194 0.9887318015098572
1300 0.08696666359901428 4.822066307067871 666.6666666666666 21.46535873413086 0.07141362875699997 0.2620447874069214 0.43027713894844055 0.9773707389831543 5.014127731323242 8.226896286010742 0.03379335254430771 0.06911113113164902 0.07643768191337585 0.9888508915901184
1400 0.08668552339076996 4.692279815673828 666.6666666666666 21.389291763305664 0.07090003043413162 0.2624376118183136 0.4300548732280731 0.970445990562439 5.027409553527832 8.218828201293945 0.17335833609104156 0.33345985412597656 0.35616323351860046 0.9890443682670593
1500 0.08642184734344482 4.636658668518066 666.6666666666666 21.31161880493164 0.07037755846977234 0.26246121525764465 0.4297822415828705 0.9624555110931396 5.028647422790527 8.205012321472168 0.016678331419825554 0.02657463774085045 0.01998755894601345 0.9891541600227356
1600 0.08617408573627472 4.736504554748535 666.6666666666666 21.245437622070312 0.06993396580219269 0.26235365867614746 0.4294299781322479 0.9557105898857117 5.0245490074157715 8.183736801147461 0.03939199075102806 0.06334944069385529 0.06068265810608864 0.9891858696937561
1700 0.08593981713056564 4.640478134155273 666.6666666666666 21.189695358276367 0.06956145912408829 0.2624737024307251 0.4291209876537323 0.9542919397354126 5.021523475646973 8.177471160888672 0.1831650286912918 0.3536660969257355 0.3761160671710968 0.9892641305923462
1800 0.0857187807559967 4.638526439666748 666.6666666666666 21.130964279174805 0.06917010247707367 0.2626667320728302 0.42901766300201416 0.9450081586837769 5.01310396194458 8.154004096984863 0.06896013766527176 0.1403404176235199 0.15494892001152039 0.9892484545707703
1900 0.08550893515348434 4.970253944396973 666.6666666666666 21.083168029785156 0.06885243952274323 0.2627672851085663 0.42876243591308594 0.9432365894317627 5.0143585205078125 8.15410041809082 0.0475495345890522 0.09203698486089706 0.10055848211050034 0.9892377853393555
2000 0.08530886471271515 4.845268726348877 666.6666666666666 21.034713745117188 0.06853117793798447 0.2628346085548401 0.4285518527030945 0.9397569894790649 5.011754035949707 8.153018951416016 0.038144562393426895 0.08220823109149933 0.0946727842092514 0.9893797039985657
2100 0.08511843532323837 4.860702037811279 666.6666666666666 20.981616973876953 0.06818003952503204 0.262891560792923 0.4282647967338562 0.9360244870185852 5.008164882659912 8.138801574707031 0.010236027650535107 0.010231680236756802 0.007781251333653927 0.9894208908081055
2200 0.08493661880493164 5.007531642913818 666.6666666666666 20.939712524414062 0.0679035559296608 0.2628045380115509 0.4278583526611328 0.9293750524520874 5.005040168762207 8.137748718261719 0.08965801447629929 0.17083591222763062 0.1848697066307068 0.9894148111343384
2300 0.08476254343986511 4.914145469665527 666.6666666666666 20.900840759277344 0.06764760613441467 0.2630096673965454 0.42780059576034546 0.9242721199989319 4.994368553161621 8.118034362792969 0.02182304672896862 0.04439525306224823 0.053124286234378815 0.989457368850708
2400 0.08459612727165222 4.592898368835449 666.6666666666666 20.850631713867188 0.06731774657964706 0.26304709911346436 0.42765310406684875 0.9192439913749695 4.99376916885376 8.107961654663086 0.030264511704444885 0.06064698472619057 0.07045242935419083 0.9894987344741821
2500 0.08443665504455566 4.956206798553467 666.6666666666666 20.821435928344727 0.0671263262629509 0.2633742094039917 0.4274551272392273 0.9164515733718872 5.000945568084717 8.094635009765625 0.04055866226553917 0.08038235455751419 0.08791318535804749 0.9896209239959717
2600 0.08428327739238739 4.913867473602295 666.6666666666666 20.789091110229492 0.06691459566354752 0.26347029209136963 0.4272206723690033 0.9159794449806213 4.998012542724609 8.090802192687988 0.06870155036449432 0.12029754370450974 0.1192309781908989 0.9895240664482117
2700 0.08413518220186234 4.588057994842529 666.6666666666666 20.76453971862793 0.06675409525632858 0.2637878954410553 0.4271271228790283 0.9150664806365967 5.005753517150879 8.087717056274414 0.007591601926833391 0.002183067612349987 0.006264931056648493 0.9896971583366394
2800 0.0839923843741417 4.49439811706543 666.6666666666666 20.73428726196289 0.06655659526586533 0.2639123797416687 0.4268856942653656 0.91513592004776 5.010166168212891 8.084430694580078 0.15276414155960083 0.28717824816703796 0.30763542652130127 0.9897369146347046
2900 0.08385445177555084 4.550379276275635 666.6666666666666 20.709115982055664 0.06639251857995987 0.2639133930206299 0.4266507923603058 0.9133353233337402 5.008738994598389 8.076192855834961 0.0493863970041275 0.08824393898248672 0.09437974542379379 0.9897322058677673
3000 0.08372089266777039 4.708217144012451 666.6666666666666 20.683481216430664 0.06622562557458878 0.2640736401081085 0.42662665247917175 0.9084460139274597 5.00876522064209 8.084342956542969 0.11231545358896255 0.21458588540554047 0.23608294129371643 0.9897223114967346
3100 0.08359169960021973 4.510015487670898 666.6666666666666 20.656822204589844 0.06605228036642075 0.26427221298217773 0.42640310525894165 0.9069825410842896 5.011408805847168 8.078893661499023 0.07599159330129623 0.13912692666053772 0.14915713667869568 0.9897038340568542
3200 0.08346652239561081 4.796843528747559 666.6666666666666 20.634183883666992 0.06590528786182404 0.264222651720047 0.426333487033844 0.9023441672325134 5.0059051513671875 8.0851469039917 0.054518260061740875 0.1111929640173912 0.12714411318302155 0.9897692203521729
3300 0.08334487676620483 4.7730560302734375 666.6666666666666 20.612661361694336 0.06576569378376007 0.2645666301250458 0.42621299624443054 0.9025701284408569 5.017153263092041 8.086530685424805 0.05426144599914551 0.1030089408159256 0.10738369077444077 0.9898325800895691
3400 0.08322662115097046 4.573699951171875 666.6666666666666 20.59360694885254 0.06564221531152725 0.2643517255783081 0.42594560980796814 0.9005846977233887 5.009906768798828 8.083500862121582 0.09210660308599472 0.1679924577474594 0.18098650872707367 0.9897466897964478
3500 0.08311188966035843 4.858587741851807 666.6666666666666 20.576297760009766 0.06553016602993011 0.2642644941806793 0.4256931245326996 0.9012786149978638 5.003930568695068 8.079235076904297 0.08864054083824158 0.17424376308918 0.19487068057060242 0.9897049069404602
3600 0.08300015330314636 4.593879699707031 666.6666666666666 20.55747413635254 0.06540841609239578 0.2640990614891052 0.4255286753177643 0.8992959260940552 4.99977970123291 8.073723793029785 0.0013377114664763212 0.00631301524117589 0.007031253073364496 0.9897129535675049
3700 0.08289095014333725 4.675083160400391 666.6666666666666 20.532487869262695 0.06524697691202164 0.2639848291873932 0.4253089129924774 0.8954077363014221 5.0055389404296875 8.070221900939941 0.11426863074302673 0.21830996870994568 0.2379039227962494 0.9896525740623474
3800 0.08278455585241318 4.7507004737854 666.6666666666666 20.514490127563477 0.06513084471225739 0.2639446258544922 0.4251730740070343 0.8933824896812439 5.006626129150391 8.071205139160156 0.02847215160727501 0.04538385942578316 0.040734536945819855 0.9896773099899292
3900 0.08268085867166519 4.892862319946289 666.6666666666666 20.48958396911621 0.06497027724981308 0.2644174098968506 0.4250772297382355 0.8930909037590027 5.012889385223389 8.06501293182373 0.03608587011694908 0.08313603699207306 0.09911595284938812 0.9897103309631348
4000 0.08257989585399628 4.764811992645264 666.6666666666666 20.468914031982422 0.06483718007802963 0.264358252286911 0.4249371886253357 0.8920848369598389 5.0162434577941895 8.066729545593262 0.10515351593494415 0.19238018989562988 0.20355010032653809 0.9897264838218689
4100 0.08248122781515121 4.57383918762207 666.6666666666666 20.459794998168945 0.06477850675582886 0.2646596133708954 0.42482784390449524 0.8913354277610779 5.018583297729492 8.058392524719238 0.15031421184539795 0.27059999108314514 0.28555724024772644 0.9897323846817017
4200 0.0823848769068718 4.540281772613525 666.6666666666666 20.453298568725586 0.0647367388010025 0.26475492119789124 0.42476511001586914 0.8933398127555847 5.016880512237549 8.057878494262695 0.10828819870948792 0.21809802949428558 0.24356569349765778 0.9897820353507996
4300 0.08229057490825653 4.45192289352417 666.6666666666666 20.443626403808594 0.06467454880475998 0.2648927867412567 0.42471927404403687 0.8940406441688538 5.026052474975586 8.057429313659668 0.16750581562519073 0.3129942715167999 0.3353167474269867 0.989789605140686
4400 0.0821983590722084 4.567271709442139 666.6666666666666 20.42355728149414 0.06454562395811081 0.26481127738952637 0.4245668053627014 0.8912293910980225 5.024173736572266 8.060003280639648 0.14171190559864044 0.2615564465522766 0.27755165100097656 0.9897598028182983
4500 0.08210821449756622 4.792868614196777 666.6666666666666 20.406091690063477 0.06443355232477188 0.26484814286231995 0.4244464933872223 0.8899824023246765 5.025632858276367 8.062885284423828 0.09228812903165817 0.1783103048801422 0.19731765985488892 0.9897828102111816
4600 0.08202004432678223 4.447197437286377 666.6666666666666 20.403057098388672 0.06441407650709152 0.2650909423828125 0.42438066005706787 0.8892941474914551 5.0301594734191895 8.061918258666992 0.10816432535648346 0.18737712502479553 0.19223086535930634 0.9898672103881836
4700 0.08193349093198776 4.870927333831787 666.6666666666666 20.391159057617188 0.06433778256177902 0.2653715908527374 0.42421334981918335 0.8950108289718628 5.039527893066406 8.06449031829834 0.06391242891550064 0.12680241465568542 0.14451582729816437 0.9898889660835266
4800 0.08184883743524551 4.500262260437012 666.6666666666666 20.383150100708008 0.06428647041320801 0.2655599117279053 0.42426905035972595 0.8933016061782837 5.038856506347656 8.055187225341797 0.1221194639801979 0.23141269385814667 0.25143012404441833 0.9899296164512634
4900 0.08176609128713608 4.701869010925293 666.6666666666666 20.378719329833984 0.06425808370113373 0.2655619978904724 0.42421311140060425 0.8931215405464172 5.0391998291015625 8.05739688873291 0.07291542738676071 0.11736875027418137 0.11594420671463013 0.9899336695671082
