0 0.13852672278881073 5.606833457946777 666.6666666666666 60.341392517089844 0.600516676902771 1.0994694232940674 11.18295955657959 20.756858825683594 0.3914475440979004 0.4226864278316498 0.9999999403953552 1.0
100 0.09583774209022522 4.962148189544678 666.6666666666666 26.00564956665039 0.10556187480688095 0.27459916472435 1.3628894090652466 4.918980598449707 0.08892902731895447 0.20897559821605682 0.22286167740821838 0.08065956830978394
200 0.09365250915288925 4.99676513671875 666.6666666666666 24.22038459777832 0.09131144732236862 0.26807600259780884 1.2020165920257568 4.8929266929626465 0.1742410659790039 0.39113306999206543 0.9485828280448914 0.9446543455123901
300 0.09231510758399963 4.710773468017578 666.6666666666666 23.507362365722656 0.08591899275779724 0.26682960987091064 1.1511571407318115 4.879469871520996 0.24159781634807587 0.4961446225643158 0.987598717212677 0.9929091334342957
400 0.09128016233444214 4.650482654571533 666.6666666666666 23.020483016967773 0.0823344737291336 0.2663014233112335 1.1175223588943481 4.865127086639404 0.10823208838701248 0.20210449397563934 0.9934886693954468 0.997950553894043
500 0.09043186157941818 4.69303560256958 666.6666666666666 22.61581039428711 0.07941528409719467 0.265129417181015 1.0848554372787476 4.847992897033691 0.1864759474992752 0.3832695782184601 0.9947867393493652 0.9987868666648865
600 0.08971495926380157 4.65639591217041 666.6666666666666 22.30356216430664 0.07720008492469788 0.26312342286109924 1.0616178512573242 4.832056045532227 0.20720072090625763 0.4305899739265442 0.9954380989074707 0.9990930557250977
700 0.08909666538238525 4.508195877075195 666.6666666666666 22.037954330444336 0.07534125447273254 0.2610885798931122 1.0396111011505127 4.807746887207031 0.13376808166503906 0.2565780580043793 0.9960539937019348 0.9992448687553406
800 0.08855274319648743 4.4991655349731445 666.6666666666666 21.815263748168945 0.07380083948373795 0.2587485909461975 1.0163408517837524 4.768448829650879 0.013134458102285862 0.021303914487361908 0.9964908361434937 0.9993737936019897
900 0.08806820213794708 4.324049949645996 666.6666666666666 21.625732421875 0.0725027397274971 0.25696104764938354 1.003807544708252 4.745651721954346 0.16990020871162415 0.338819295167923 0.9965752959251404 0.9994363188743591
1000 0.08763210475444794 4.300237655639648 666.6666666666666 21.429235458374023 0.07116948068141937 0.25400570034980774 0.982596755027771 4.699155330657959 0.11376237124204636 0.24893975257873535 0.9968652725219727 0.9994924664497375
1100 0.08723676204681396 4.338992118835449 666.6666666666666 21.25806427001953 0.07001848518848419 0.2516927421092987 0.9654064178466797 4.662342071533203 0.2577188313007355 0.5143563747406006 0.9971661567687988 0.999519407749176
1200 0.08687502890825272 4.1555938720703125 666.6666666666666 21.135089874267578 0.06919755041599274 0.24934688210487366 0.9608464241027832 4.627121925354004 0.26515111327171326 0.514385998249054 0.9970581531524658 0.9995571970939636
1300 0.086542047560215 3.9744434356689453 666.6666666666666 21.012928009033203 0.0683869868516922 0.24662934243679047 0.9512601494789124 4.587421417236328 0.01932154968380928 0.02201410010457039 0.997475802898407 0.9995951652526855
1400 0.08623393625020981 4.143304824829102 666.6666666666666 20.893892288208008 0.06760191172361374 0.2443161904811859 0.942488968372345 4.541995525360107 0.05932076647877693 0.10307320952415466 0.9973005652427673 0.9996158480644226
1500 0.08594655245542526 3.8588223457336426 666.6666666666666 20.78455352783203 0.06688491255044937 0.24210771918296814 0.9369707703590393 4.503617286682129 0.21606765687465668 0.4236128330230713 0.9974111318588257 0.9995834827423096
1600 0.08567846566438675 4.1167120933532715 666.6666666666666 20.682392120361328 0.0662185400724411 0.23980307579040527 0.9248773455619812 4.459019184112549 0.23098935186862946 0.4622786343097687 0.9973481893539429 0.9996343851089478
1700 0.08542723953723907 3.9745380878448486 666.6666666666666 20.582073211669922 0.06556753814220428 0.23771943151950836 0.9106977581977844 4.424559116363525 0.11718815565109253 0.20289549231529236 0.9976152777671814 0.9996342658996582
1800 0.08519089221954346 3.977766752243042 666.6666666666666 20.495468139648438 0.06500820070505142 0.23529669642448425 0.901496171951294 4.389672756195068 0.13013480603694916 0.2295498251914978 0.9976798892021179 0.9996576309204102
1900 0.08496756851673126 3.981064796447754 666.6666666666666 20.403350830078125 0.06441596895456314 0.23266853392124176 0.8954693078994751 4.346796035766602 0.0034882021136581898 0.011055893264710903 0.9976682066917419 0.9996445178985596
2000 0.08475650101900101 3.8694190979003906 666.6666666666666 20.326723098754883 0.06392543762922287 0.23065237700939178 0.8871207237243652 4.309386253356934 0.11502005159854889 0.23766599595546722 0.9977092742919922 0.999673068523407
2100 0.08455627411603928 3.9033141136169434 666.6666666666666 20.261316299438477 0.0635082870721817 0.22889553010463715 0.8788283467292786 4.28154182434082 0.12409425526857376 0.26323166489601135 0.9978899955749512 0.9996498823165894
2200 0.08436570316553116 3.885500192642212 666.6666666666666 20.185184478759766 0.06302449852228165 0.22662392258644104 0.8772592544555664 4.240323066711426 0.11904921382665634 0.22773624956607819 0.9978322386741638 0.9996889233589172
2300 0.0841841772198677 3.8429908752441406 666.6666666666666 20.118452072143555 0.06260199844837189 0.22449615597724915 0.8754464387893677 4.200699806213379 0.10590650141239166 0.20176343619823456 0.9978878498077393 0.999683678150177
2400 0.08401118963956833 3.7624239921569824 666.6666666666666 20.054441452026367 0.06219811737537384 0.2228817641735077 0.870073139667511 4.1719160079956055 0.12996214628219604 0.2557462155818939 0.9978146553039551 0.9996784925460815
2500 0.08384624123573303 3.7532176971435547 666.6666666666666 20.003528594970703 0.06187783554196358 0.22119669616222382 0.8701810836791992 4.140701770782471 0.126980260014534 0.24805566668510437 0.9978482723236084 0.9996834397315979
2600 0.08368803560733795 3.749830961227417 666.6666666666666 19.948732376098633 0.06153407692909241 0.21936185657978058 0.8697211146354675 4.103633403778076 0.2513682544231415 0.4894491136074066 0.9979116320610046 0.9996748566627502
2700 0.08353667706251144 3.6133861541748047 666.6666666666666 19.88996696472168 0.061166517436504364 0.21740791201591492 0.8651904463768005 4.0685858726501465 0.030224550515413284 0.06258054822683334 0.9979128241539001 0.9996916651725769
2800 0.08339148014783859 3.6644785404205322 666.6666666666666 19.83226203918457 0.06080670282244682 0.21565288305282593 0.8564242124557495 4.0327043533325195 0.2193661779165268 0.4252723455429077 0.9980341196060181 0.9997084736824036
2900 0.0832517221570015 3.641706943511963 666.6666666666666 19.780689239501953 0.06048603355884552 0.21392716467380524 0.8556855320930481 4.0003767013549805 0.07589948177337646 0.14744849503040314 0.9980674386024475 0.9996891021728516
3000 0.08311747014522552 3.5222885608673096 666.6666666666666 19.738773345947266 0.06022607162594795 0.21219806373119354 0.856233537197113 3.9640560150146484 0.35096028447151184 0.6585720777511597 0.9979484677314758 0.9996792078018188
3100 0.08298813551664352 3.5511536598205566 666.6666666666666 19.695022583007812 0.05995531752705574 0.21031756699085236 0.8520099520683289 3.9384047985076904 0.02666231244802475 0.06553074717521667 0.9981843829154968 0.9996910691261292
3200 0.08286277949810028 3.4501876831054688 666.6666666666666 19.649871826171875 0.059676576405763626 0.20839153230190277 0.8458757996559143 3.8989357948303223 0.07694777101278305 0.12811408936977386 0.9981729984283447 0.9996989965438843
3300 0.0827416330575943 3.545257091522217 666.6666666666666 19.608034133911133 0.059418875724077225 0.20704451203346252 0.8445299863815308 3.867884635925293 0.17999140918254852 0.3655008375644684 0.9979596734046936 0.999667763710022
3400 0.082624651491642 3.5530905723571777 666.6666666666666 19.557111740112305 0.0591060109436512 0.20521144568920135 0.8425129652023315 3.8283329010009766 0.07891810685396194 0.16940242052078247 0.9981215596199036 0.9996582269668579
3500 0.08251175284385681 3.441814422607422 666.6666666666666 19.53434181213379 0.05896638333797455 0.20380079746246338 0.8418142795562744 3.803920030593872 0.1712547093629837 0.33160659670829773 0.9981749653816223 0.9997153878211975
3600 0.08240219205617905 3.3600199222564697 666.6666666666666 19.491506576538086 0.05870417505502701 0.2019825428724289 0.8443571329116821 3.7648613452911377 0.12479078024625778 0.2516302168369293 0.9981887936592102 0.9996918439865112
3700 0.082296222448349 3.294445514678955 666.6666666666666 19.45604133605957 0.05848753824830055 0.20041212439537048 0.8418718576431274 3.7418770790100098 0.06842103600502014 0.12501275539398193 0.9982843399047852 0.9996796250343323
3800 0.08219350129365921 3.3750405311584473 666.6666666666666 19.427494049072266 0.05831345170736313 0.19896920025348663 0.8356279730796814 3.711543560028076 0.040652427822351456 0.10893833637237549 0.9982631802558899 0.9996828436851501
3900 0.08209377527236938 3.3873162269592285 666.6666666666666 19.396360397338867 0.05812392011284828 0.1972917765378952 0.8331150412559509 3.6856203079223633 0.11512190103530884 0.2385772168636322 0.9981371760368347 0.9996932148933411
4000 0.08199702203273773 3.214099168777466 666.6666666666666 19.357425689697266 0.05788730829954147 0.19549450278282166 0.8254421949386597 3.655559539794922 0.06496568024158478 0.13881100714206696 0.9982973337173462 0.9996901750564575
4100 0.08190320432186127 3.110745906829834 666.6666666666666 19.323060989379883 0.05767890438437462 0.1942114531993866 0.8256262540817261 3.6347923278808594 0.08737105876207352 0.17805278301239014 0.9982611536979675 0.9996899366378784
4200 0.08181187510490417 3.2442188262939453 666.6666666666666 19.293411254882812 0.05749940499663353 0.1926063895225525 0.8265676498413086 3.600287437438965 0.14744089543819427 0.2920106053352356 0.9984082579612732 0.9997002482414246
4300 0.08172246813774109 3.2688310146331787 666.6666666666666 19.248126983642578 0.0572257898747921 0.19120649993419647 0.8207132816314697 3.579775094985962 0.16596922278404236 0.3372887372970581 0.9983317852020264 0.9996620416641235
4400 0.0816352516412735 3.194145679473877 666.6666666666666 19.213726043701172 0.05701839178800583 0.18990357220172882 0.8150584101676941 3.563426971435547 0.3053712546825409 0.5833344459533691 0.9982473850250244 0.9996846318244934
4500 0.08155042678117752 3.184846878051758 666.6666666666666 19.17546844482422 0.05678820237517357 0.1883917897939682 0.8072230219841003 3.5345892906188965 0.005576204042881727 0.0036808191798627377 0.99839848279953 0.999713659286499
4600 0.08146738260984421 3.207000732421875 666.6666666666666 19.146568298339844 0.05661463737487793 0.18695415556430817 0.8048416972160339 3.506762742996216 0.19033250212669373 0.375290185213089 0.9984046220779419 0.9996836185455322
4700 0.08138609677553177 3.2728848457336426 666.6666666666666 19.1119327545166 0.056406959891319275 0.18605245649814606 0.8013056516647339 3.495286464691162 0.2232038378715515 0.44753631949424744 0.9982396364212036 0.9997005462646484
4800 0.08130678534507751 3.1198346614837646 666.6666666666666 19.084556579589844 0.05624312534928322 0.18494413793087006 0.797480046749115 3.471057415008545 0.1449374556541443 0.29707857966423035 0.998377799987793 0.9996880888938904
4900 0.08122913539409637 3.095970630645752 666.6666666666666 19.051326751708984 0.05604454129934311 0.1837632656097412 0.7968001365661621 3.4542126655578613 0.07766284793615341 0.13184143602848053 0.9984322786331177 0.999702513217926
