0.11365872621536255 4.613320350646973 2000.0 151.78663635253906 0.37396949529647827 0.4928593337535858 0.492665559053421 6.922595024108887 9.297523498535156 9.292019844055176 0.049588315188884735 0.05020330846309662 0.05019209906458855 0.9999986886978149
0.11173279583454132 4.7801032066345215 2000.0 151.6929473876953 0.373489111661911 0.4999225437641144 0.4997488856315613 6.994109153747559 9.54520320892334 9.540631294250488 0.2982315123081207 0.3082065284252167 0.3081778287887573 0.9999990463256836
0.1254599541425705 5.12180757522583 2000.0 180.8531951904297 0.5393936634063721 0.6890630125999451 0.6889340281486511 11.64375114440918 14.931474685668945 14.927312850952148 0.2075231820344925 0.21946215629577637 0.21937693655490875 0.9999993443489075
0.12509308755397797 5.405352592468262 2000.0 180.01419067382812 0.5341542959213257 0.6815940141677856 0.6814641356468201 11.586845397949219 14.784994125366211 14.781085014343262 0.6404393911361694 0.6601858139038086 0.6600668430328369 0.9999993443489075
0.12435358762741089 5.380786895751953 2000.0 178.00100708007812 0.5216965675354004 0.6655513644218445 0.6654543280601501 11.089401245117188 14.218092918395996 14.216089248657227 0.6177387833595276 0.6379650235176086 0.637871503829956 0.9999995231628418
0.1251603066921234 5.634577751159668 2000.0 180.261962890625 0.535698652267456 0.686374306678772 0.6861865520477295 11.429656028747559 14.702886581420898 14.69871997833252 0.6781418919563293 0.6985938549041748 0.6984694600105286 0.9999989867210388
0.129956915974617 4.724812030792236 2000.0 180.3551025390625 0.5362798571586609 0.6727489233016968 0.6734148859977722 11.327996253967285 14.342684745788574 14.360928535461426 0.2207561582326889 0.22386154532432556 0.223843514919281 0.9999969005584717
0.12700968980789185 4.713839530944824 2000.0 175.475341796875 0.5062950849533081 0.6373679637908936 0.6380508542060852 10.749436378479004 13.663793563842773 13.681663513183594 0.689864456653595 0.7085066437721252 0.7089663147926331 0.9999958276748657
0.1269765943288803 4.607889652252197 2000.0 176.0279083251953 0.5096430778503418 0.6422526240348816 0.6429576277732849 10.885712623596191 13.875812530517578 13.892826080322266 0.2101418823003769 0.21658651530742645 0.21679560840129852 0.9999954700469971
0.12741127610206604 4.912019729614258 2000.0 175.52658081054688 0.5066050291061401 0.6370792388916016 0.637826144695282 10.763422012329102 13.715570449829102 13.735410690307617 0.7504922151565552 0.7704501748085022 0.7709380984306335 0.9999949932098389
0.1273927390575409 4.704739093780518 2000.0 176.0858917236328 0.5099950432777405 0.6389082670211792 0.6396229863166809 10.996706008911133 13.899511337280273 13.916772842407227 0.6192543506622314 0.6341935396194458 0.6345624923706055 0.9999960660934448
0.12827396392822266 4.9700188636779785 2000.0 178.04620361328125 0.521974503993988 0.6573312878608704 0.6580237150192261 11.007844924926758 13.998627662658691 14.016286849975586 0.5916936993598938 0.6086634397506714 0.6091028451919556 0.9999960064888
0.1196935847401619 4.784246921539307 2000.0 2000.0 0.44142037630081177 0.44142037630081177 0.44142037630081177 9.858312606811523 9.858312606811523 9.858312606811523 0.3537076413631439 0.3537076413631439 0.3537076413631439 1.0
0.11852750927209854 4.732350826263428 2000.0 2000.0 0.4226349890232086 0.4226349890232086 0.4226349890232086 9.245466232299805 9.245466232299805 9.245466232299805 0.25554391741752625 0.25554391741752625 0.25554391741752625 1.0
0.11718720197677612 4.764997959136963 2000.0 2000.0 0.42089512944221497 0.42089512944221497 0.42089512944221497 9.264930725097656 9.264930725097656 9.264930725097656 0.18956021964550018 0.18956021964550018 0.18956021964550018 1.0
0.11913991719484329 4.941410541534424 2000.0 2000.0 0.43617162108421326 0.43617162108421326 0.43617162108421326 9.738544464111328 9.738544464111328 9.738544464111328 0.20572753250598907 0.20572753250598907 0.20572753250598907 1.0
0.09442295879125595 4.8974385261535645 2000.0 2000.0 0.09846993535757065 0.09846993535757065 1.2069222927093506 1.2069222927093506 0.07476484775543213 0.07476484775543213
0.09266030043363571 4.955555438995361 2000.0 2000.0 0.0801941528916359 0.0801941528916359 1.024957299232483 1.024957299232483 0.08921056985855103 0.08921056985855103
0.09046930074691772 4.915869235992432 2000.0 2000.0 0.07221966981887817 0.07221966981887817 0.796094536781311 0.796094536781311 0.03388950228691101 0.03388950228691101
0.08824412524700165 4.817670822143555 2000.0 2000.0 0.07927576452493668 0.07927576452493668 1.079724907875061 1.079724907875061 0.0006502660107798874 0.0006502660107798874
0.09405151009559631 4.5979204177856445 2000.0 2000.0 0.0997874066233635 0.0997874066233635 1.520385503768921 1.520385503768921 0.1767447292804718 0.1767447292804718
0.09083034098148346 4.593166351318359 2000.0 2000.0 0.08590225875377655 0.08590225875377655 1.1185325384140015 1.1185325384140015 0.1365206092596054 0.1365206092596054
