Iter Loss lambda1 2/eta sam_edge ||g||_2 ||g_sam||_2 ||g_ssam||_2 ||g||_1 ||g_sam||_1 ||g_ssam||_1 g_alignment sg_alignment ssg_alignment ssam_sam_g_alignment
0 0.13217854499816895 5.2224321365356445 666.6666666666666 58.73490524291992 0.567463219165802 1.0801365375518799 1.0880610942840576 12.153962135314941 23.43384552001953 23.593128204345703 0.7686094641685486 0.7997034788131714 0.8008694648742676 0.9999763369560242
100 0.09849954396486282 4.934322357177734 666.6666666666666 33.4830207824707 0.17705963551998138 0.5249099135398865 0.5819427371025085 3.5727994441986084 11.49136734008789 12.764730453491211 0.016174018383026123 0.016756543889641762 0.01540488563477993 0.9981428980827332
200 0.09441737085580826 4.8521504402160645 666.6666666666666 25.717042922973633 0.10318538546562195 0.28274017572402954 0.4248907268047333 1.6433699131011963 5.893610954284668 9.228269577026367 0.2202879935503006 0.4587468206882477 0.5263168811798096 0.9765678644180298
300 0.09289301931858063 4.636596202850342 666.6666666666666 24.04552459716797 0.08997328579425812 0.2367130070924759 0.4025479853153229 1.2127249240875244 4.193546772003174 7.822188377380371 0.14984631538391113 0.3522828221321106 0.40985387563705444 0.9667531251907349
400 0.09183870255947113 4.802774906158447 666.6666666666666 23.380971908569336 0.08498086780309677 0.23972362279891968 0.41590744256973267 1.1498253345489502 4.2736897468566895 8.064868927001953 0.09945991635322571 0.25564220547676086 0.30866873264312744 0.9727889895439148
500 0.09099330753087997 4.754630088806152 666.6666666666666 22.941112518310547 0.08175759762525558 0.24408072233200073 0.42423132061958313 1.1146161556243896 4.415458679199219 8.150720596313477 0.09509136527776718 0.22367258369922638 0.2637386620044708 0.9768255949020386
600 0.09028151631355286 4.765480041503906 666.6666666666666 22.601993560791016 0.07931658625602722 0.2463742196559906 0.42864981293678284 1.0744363069534302 4.504397869110107 8.19904899597168 0.10484927892684937 0.2523232698440552 0.2989382743835449 0.9791581630706787
700 0.08966723084449768 4.812173843383789 666.6666666666666 22.315149307250977 0.07728171348571777 0.24811701476573944 0.4311787188053131 1.0420353412628174 4.566198348999023 8.216423988342285 0.19597190618515015 0.45029664039611816 0.5073108673095703 0.9805596470832825
800 0.08912624418735504 4.770596027374268 666.6666666666666 22.081298828125 0.07564301788806915 0.2493414431810379 0.43293243646621704 1.0273547172546387 4.615851402282715 8.249341011047363 0.23212483525276184 0.5136970281600952 0.5714916586875916 0.9816282987594604
900 0.08864304423332214 4.805256366729736 666.6666666666666 21.88389015197754 0.07427379488945007 0.25021740794181824 0.4341878890991211 1.006019115447998 4.646679401397705 8.282851219177246 0.1127694621682167 0.2655322849750519 0.30915942788124084 0.9823362231254578
1000 0.08820606768131256 4.700720310211182 666.6666666666666 21.718647003173828 0.07313761860132217 0.2515280842781067 0.43527930974960327 0.9861012101173401 4.681979179382324 8.321203231811523 0.09316200762987137 0.18322508037090302 0.19328413903713226 0.9829817414283752
1100 0.08780811727046967 4.643169403076172 666.6666666666666 21.571630477905273 0.07213436812162399 0.2524377107620239 0.4361144006252289 0.9668314456939697 4.712611198425293 8.355985641479492 0.014502438716590405 0.03680296614766121 0.04202071204781532 0.9834238886833191
1200 0.08744289726018906 4.728403568267822 666.6666666666666 21.440643310546875 0.07124653458595276 0.25275078415870667 0.4364754259586334 0.9577701687812805 4.7284111976623535 8.3663330078125 0.27978041768074036 0.5851536393165588 0.6440293192863464 0.9838611483573914
1300 0.087105393409729 4.684185028076172 666.6666666666666 21.346176147460938 0.07060975581407547 0.25318190455436707 0.4365285336971283 0.9557809233665466 4.746104717254639 8.374822616577148 0.07735525816679001 0.16026394069194794 0.17951948940753937 0.9841467142105103
1400 0.08679192513227463 4.55580997467041 666.6666666666666 21.24087142944336 0.0699034035205841 0.25374671816825867 0.43682461977005005 0.9545007944107056 4.755481243133545 8.387354850769043 0.0010409664828330278 0.003048690501600504 0.0025896108709275723 0.9844043254852295
1500 0.0864996463060379 4.757693767547607 666.6666666666666 21.16007423400879 0.06936393678188324 0.2540944218635559 0.4367808997631073 0.9528157114982605 4.777315139770508 8.378435134887695 0.14224062860012054 0.31643980741500854 0.36186274886131287 0.9846265316009521
1600 0.08622637391090393 4.6575188636779785 666.6666666666666 21.084840774536133 0.06886354088783264 0.2548413574695587 0.4368108808994293 0.9488883018493652 4.7930684089660645 8.372365951538086 0.0021330148447304964 0.019410796463489532 0.0394616462290287 0.9848010540008545
1700 0.08597034960985184 4.548591613769531 666.6666666666666 21.003917694091797 0.0683273896574974 0.2552989721298218 0.4367488920688629 0.9398132562637329 4.815401554107666 8.356363296508789 0.23307916522026062 0.4856933057308197 0.5260992646217346 0.9850481748580933
1800 0.08572915941476822 4.525458335876465 666.6666666666666 20.95148277282715 0.06798115372657776 0.2555631697177887 0.43668705224990845 0.9344871044158936 4.821598052978516 8.362492561340332 0.3201111853122711 0.6443994045257568 0.6891540288925171 0.9851457476615906
1900 0.0855008065700531 4.635149002075195 666.6666666666666 20.894622802734375 0.06760671734809875 0.2557412087917328 0.43656209111213684 0.9338249564170837 4.825845718383789 8.364941596984863 0.015044069848954678 0.04183904826641083 0.05323408916592598 0.985158383846283
2000 0.08528397977352142 4.570758819580078 666.6666666666666 20.840084075927734 0.06724856048822403 0.2557179629802704 0.43658971786499023 0.9278554320335388 4.817451000213623 8.367362022399902 0.08542262762784958 0.18382671475410461 0.21149693429470062 0.9852681756019592
2100 0.08507736772298813 4.748494625091553 666.6666666666666 20.794553756713867 0.06695031374692917 0.2559379041194916 0.4364687204360962 0.92659592628479 4.825549602508545 8.362192153930664 0.23429350554943085 0.493605375289917 0.5523592233657837 0.9853656888008118
2200 0.08488018810749054 4.528127670288086 666.6666666666666 20.749601364135742 0.06665653735399246 0.2562738358974457 0.43654194474220276 0.9267211556434631 4.834290981292725 8.363683700561523 0.03695456311106682 0.08105075359344482 0.09630782902240753 0.9855074286460876
2300 0.08469134569168091 4.679351806640625 666.6666666666666 20.703556060791016 0.06635630875825882 0.2562958300113678 0.43646135926246643 0.924211323261261 4.835982322692871 8.3505859375 0.15053370594978333 0.31603437662124634 0.36292460560798645 0.98558509349823
2400 0.08451095968484879 4.485069274902344 666.6666666666666 20.6606388092041 0.0660770907998085 0.2564595937728882 0.43628373742103577 0.9229762554168701 4.8423027992248535 8.33633041381836 0.11593496054410934 0.22772254049777985 0.23487965762615204 0.9856249690055847
2500 0.08433829993009567 4.447834491729736 666.6666666666666 20.615888595581055 0.06578661501407623 0.2564806342124939 0.43613022565841675 0.9237871170043945 4.841809272766113 8.323365211486816 0.10182875394821167 0.20511971414089203 0.22031286358833313 0.9856871962547302
2600 0.08417293429374695 4.610211372375488 666.6666666666666 20.58115005493164 0.06556155532598495 0.25698596239089966 0.43626150488853455 0.926195502281189 4.851476669311523 8.322491645812988 0.15469756722450256 0.3184993863105774 0.34791237115859985 0.9858465194702148
2700 0.08401405066251755 4.514860153198242 666.6666666666666 20.55897331237793 0.06541810184717178 0.25707656145095825 0.43613186478614807 0.9247064590454102 4.849132061004639 8.313750267028809 0.0709717869758606 0.1350008249282837 0.14117182791233063 0.9858469367027283
2800 0.08386080712080002 4.517963409423828 666.6666666666666 20.530967712402344 0.06523717194795609 0.25708848237991333 0.43581947684288025 0.9226474165916443 4.851893424987793 8.308095932006836 0.0029056144412606955 0.004263687413185835 0.0010998742654919624 0.9858438372612
2900 0.08371298760175705 4.495914459228516 666.6666666666666 20.50361442565918 0.06506070494651794 0.2573161721229553 0.4357566833496094 0.9194075465202332 4.857974529266357 8.323668479919434 0.05437701568007469 0.11296846717596054 0.1267929971218109 0.985968828201294
3000 0.08357015997171402 4.576188087463379 666.6666666666666 20.48429298400879 0.06493620574474335 0.25744354724884033 0.43545857071876526 0.9182685613632202 4.859589576721191 8.313170433044434 0.17200824618339539 0.33673208951950073 0.36119237542152405 0.9860141277313232
3100 0.08343177288770676 4.512144088745117 666.6666666666666 20.462356567382812 0.06479498744010925 0.257389098405838 0.4353931248188019 0.9172977805137634 4.857144832611084 8.319181442260742 0.09285811334848404 0.198087677359581 0.22664789855480194 0.9859976768493652
3200 0.08329784125089645 4.426029682159424 666.6666666666666 20.451915740966797 0.06472784280776978 0.2574882507324219 0.4350833296775818 0.9185786843299866 4.857067584991455 8.30805778503418 0.06512249261140823 0.15488044917583466 0.18688927590847015 0.9859325885772705
3300 0.08316796272993088 4.461456298828125 666.6666666666666 20.42833137512207 0.06457629054784775 0.2574441432952881 0.43475157022476196 0.9159648418426514 4.866924285888672 8.292350769042969 0.02549257129430771 0.05421453341841698 0.06314030289649963 0.9858577847480774
3400 0.08304213732481003 4.485526084899902 666.6666666666666 20.408592224121094 0.06444957852363586 0.25768882036209106 0.43470484018325806 0.9173902869224548 4.8790130615234375 8.291861534118652 0.033451925963163376 0.0684395581483841 0.07536448538303375 0.9858304262161255
3500 0.08291997760534286 4.626650333404541 666.6666666666666 20.385723114013672 0.0643029436469078 0.25769099593162537 0.43448248505592346 0.914161205291748 4.880290508270264 8.285089492797852 0.18739953637123108 0.37586238980293274 0.41490644216537476 0.9857743978500366
3600 0.0828014463186264 4.651657581329346 666.6666666666666 20.36192512512207 0.06415053457021713 0.25788795948028564 0.43433690071105957 0.9093512296676636 4.892968654632568 8.273635864257812 0.21357502043247223 0.4459364116191864 0.49984562397003174 0.9858723282814026
3700 0.08268606662750244 4.445932865142822 666.6666666666666 20.338951110839844 0.064003586769104 0.2581425905227661 0.4344632029533386 0.9057042598724365 4.8939619064331055 8.275291442871094 0.22579970955848694 0.4487690329551697 0.48110201954841614 0.9859201908111572
3800 0.08257365226745605 4.6726789474487305 666.6666666666666 20.3226318359375 0.06389930099248886 0.25845614075660706 0.43436339497566223 0.9073266386985779 4.908002853393555 8.274404525756836 0.18333344161510468 0.37363365292549133 0.41703173518180847 0.9859716892242432
3900 0.08246427029371262 4.664517402648926 666.6666666666666 20.306989669799805 0.0637994334101677 0.25859495997428894 0.43436399102211 0.9055718183517456 4.911259174346924 8.275853157043457 0.19328221678733826 0.3940698504447937 0.43916335701942444 0.9860134124755859
4000 0.08235737681388855 4.550515174865723 666.6666666666666 20.284839630126953 0.06365814805030823 0.2589917480945587 0.4345325827598572 0.9037219882011414 4.9115166664123535 8.278116226196289 0.2889009714126587 0.5750468373298645 0.6231592893600464 0.9861067533493042
4100 0.0822533592581749 4.629603862762451 666.6666666666666 20.26984405517578 0.06356259435415268 0.2591951787471771 0.43442773818969727 0.9011345505714417 4.921114921569824 8.273365020751953 0.2569739520549774 0.5036064386367798 0.5478577017784119 0.9861582517623901
4200 0.08215145021677017 4.523292541503906 666.6666666666666 20.25640869140625 0.0634770318865776 0.25909900665283203 0.43431827425956726 0.8987957835197449 4.926233291625977 8.273289680480957 0.03205239772796631 0.03871850296854973 0.024816760793328285 0.9861030578613281
4300 0.08205201476812363 4.586762428283691 666.6666666666666 20.24338150024414 0.06339414417743683 0.2592563033103943 0.4340967833995819 0.9004719853401184 4.927629470825195 8.266361236572266 0.060740090906620026 0.14569897949695587 0.17802315950393677 0.9860584735870361
4400 0.0819547101855278 4.618966102600098 666.6666666666666 20.23453712463379 0.06333789229393005 0.2593401074409485 0.43408289551734924 0.9015532732009888 4.930966377258301 8.263885498046875 0.04690911993384361 0.11757253110408783 0.1504030078649521 0.9860783815383911
4500 0.08185943216085434 4.589959621429443 666.6666666666666 20.222126007080078 0.06325899809598923 0.2595852017402649 0.43409883975982666 0.900394082069397 4.936117172241211 8.257098197937012 0.3040226101875305 0.6030943393707275 0.6582905054092407 0.9860822558403015
4600 0.08176638931035995 4.508707523345947 666.6666666666666 20.210304260253906 0.06318391114473343 0.25983256101608276 0.4342327117919922 0.9014632701873779 4.936699867248535 8.271926879882812 0.07946810126304626 0.1809571236371994 0.21283820271492004 0.9860830903053284
4700 0.08167556673288345 4.6801581382751465 666.6666666666666 20.20340919494629 0.0631401315331459 0.2598402202129364 0.4338988959789276 0.8996232748031616 4.938910961151123 8.264827728271484 0.15455329418182373 0.32717713713645935 0.3753042221069336 0.9860404133796692
4800 0.0815865695476532 4.665584087371826 666.6666666666666 20.186626434326172 0.06303365528583527 0.25978177785873413 0.43374472856521606 0.8954017758369446 4.933990955352783 8.253485679626465 0.22482939064502716 0.4552002549171448 0.5097842216491699 0.9860434532165527
4900 0.08149933815002441 4.634627819061279 666.6666666666666 20.1710205078125 0.06293470412492752 0.2594260275363922 0.43351271748542786 0.8979067206382751 4.934082984924316 8.25798511505127 0.10222826898097992 0.22846969962120056 0.268109530210495 0.985985517501831
