0 0.12738756835460663 5.234606742858887 666.6666666666666 57.537235260009766 0.5434860587120056 1.0592806339263916 11.640789985656738 22.966821670532227 0.5035138130187988 0.5277155637741089 0.9999998807907104 1.0000001192092896
50 0.09675262123346329 4.90794563293457 666.6666666666666 29.685441970825195 0.13834403455257416 0.38359737396240234 2.0671546459198 7.0403594970703125 0.1625274419784546 0.25884300470352173 0.6800880432128906 0.8058550357818604
100 0.09418988227844238 4.946372985839844 666.6666666666666 25.61134147644043 0.10232202708721161 0.26620545983314514 1.3509325981140137 4.976633071899414 0.20377689599990845 0.46490177512168884 0.8582574129104614 0.6595871448516846
150 0.09298102557659149 4.798667907714844 666.6666666666666 24.45038414001465 0.09308721870183945 0.2627716362476349 1.2882782220840454 5.037891387939453 0.07330334931612015 0.14825011789798737 0.9808562397956848 0.9791222214698792
200 0.0921434611082077 4.967013359069824 666.6666666666666 23.786306381225586 0.0880083441734314 0.262913316488266 1.2512712478637695 5.089388370513916 0.20335593819618225 0.4475739300251007 0.9908938407897949 0.9927835464477539
250 0.091487817466259 4.760138511657715 666.6666666666666 23.3414249420166 0.08468843996524811 0.2631665766239166 1.2170047760009766 5.112095832824707 0.08352210372686386 0.18807640671730042 0.9946179389953613 0.9971080422401428
300 0.0909418836236 4.852110385894775 666.6666666666666 23.015230178833008 0.0822962149977684 0.2635253071784973 1.2001056671142578 5.114192008972168 0.04885677993297577 0.09935267269611359 0.9963579773902893 0.9986363649368286
350 0.09047155827283859 4.826116561889648 666.6666666666666 22.739553451538086 0.0803021490573883 0.2625519335269928 1.1770445108413696 5.122647285461426 0.10160017758607864 0.21267598867416382 0.9970027208328247 0.9991137385368347
400 0.09005806595087051 4.761678218841553 666.6666666666666 22.503490447998047 0.0786147266626358 0.2612472474575043 1.1635288000106812 5.115100860595703 0.08511698246002197 0.17575615644454956 0.9973701238632202 0.9993456602096558
450 0.08968909829854965 4.696372985839844 666.6666666666666 22.299293518066406 0.07717003673315048 0.26014766097068787 1.1363232135772705 5.112475872039795 0.1204032450914383 0.27111008763313293 0.9976687431335449 0.9994657635688782
500 0.08935564756393433 4.6177978515625 666.6666666666666 22.13962745666504 0.0760500431060791 0.2591428756713867 1.114206314086914 5.103988170623779 0.23365183174610138 0.47995439171791077 0.9979436993598938 0.9995730519294739
550 0.08905035257339478 4.6704816818237305 666.6666666666666 21.998794555664062 0.07506918907165527 0.2577313780784607 1.093343734741211 5.082724571228027 0.09186561405658722 0.18887299299240112 0.9980580806732178 0.9996261596679688
600 0.08876866102218628 4.632358074188232 666.6666666666666 21.876373291015625 0.07422191649675369 0.25670522451400757 1.0772786140441895 5.072612285614014 0.27662280201911926 0.5676064491271973 0.9982152581214905 0.9996797442436218
650 0.08850716799497604 4.605169773101807 666.6666666666666 21.754981994628906 0.07338666915893555 0.2557593584060669 1.0640361309051514 5.055296897888184 0.01596366986632347 0.05091310292482376 0.9982276558876038 0.9996873736381531
700 0.08826270699501038 4.393923759460449 666.6666666666666 21.645994186401367 0.07264092564582825 0.2542741596698761 1.050257682800293 5.036755561828613 0.021621359512209892 0.08344050496816635 0.9983776807785034 0.9997265338897705
750 0.0880332738161087 4.537038326263428 666.6666666666666 21.542438507080078 0.07193601131439209 0.2527431845664978 1.042855978012085 5.012819290161133 0.11748204380273819 0.2485198676586151 0.9983826875686646 0.9997327923774719
800 0.08781713992357254 4.461092472076416 666.6666666666666 21.460905075073242 0.07138349860906601 0.25132232904434204 1.0349888801574707 4.987752437591553 0.06425660103559494 0.14372499287128448 0.9984803199768066 0.9997448921203613
850 0.08761229366064072 4.459222316741943 666.6666666666666 21.366588592529297 0.07074711471796036 0.249760702252388 1.0208752155303955 4.957192420959473 0.1568099707365036 0.31786438822746277 0.9985427856445312 0.9997345805168152
900 0.08741787821054459 4.4783406257629395 666.6666666666666 21.288047790527344 0.07021939009428024 0.24866211414337158 1.015155553817749 4.93012809753418 0.18956734240055084 0.3984360992908478 0.9985825419425964 0.999757707118988
950 0.08723273873329163 4.433231830596924 666.6666666666666 21.209409713745117 0.06969308108091354 0.24738992750644684 1.0067994594573975 4.914631366729736 0.04382023587822914 0.0996132493019104 0.9985504150390625 0.9997460842132568
1000 0.08705607801675797 4.37174129486084 666.6666666666666 21.13239097595215 0.06917959451675415 0.24588905274868011 0.9996005296707153 4.890128135681152 0.0099936006590724 0.01777431182563305 0.9986662864685059 0.9997782111167908
1050 0.08688710629940033 4.364991188049316 666.6666666666666 21.067455291748047 0.06874818354845047 0.24420860409736633 0.9935150146484375 4.852540016174316 0.10943754762411118 0.2420843243598938 0.9986169934272766 0.9997513294219971
1100 0.08672528713941574 4.125967502593994 666.6666666666666 20.993192672729492 0.06825650483369827 0.24273009598255157 0.9836518168449402 4.829962730407715 0.025381533429026604 0.05782521888613701 0.9986605048179626 0.9997846484184265
1150 0.08657000213861465 4.319983959197998 666.6666666666666 20.9185848236084 0.06776437908411026 0.24092479050159454 0.9785667657852173 4.794963836669922 0.2041366547346115 0.40936800837516785 0.9986672401428223 0.9997783303260803
1200 0.08642075955867767 4.289752960205078 666.6666666666666 20.861257553100586 0.06738748401403427 0.2391701638698578 0.9719469547271729 4.7598066329956055 0.25347718596458435 0.5255486369132996 0.9986900687217712 0.9997739791870117
1250 0.08627712726593018 4.263175964355469 666.6666666666666 20.79970359802246 0.06698402762413025 0.23774196207523346 0.9674559831619263 4.729172229766846 0.11793558299541473 0.24503695964813232 0.9986976981163025 0.9997920393943787
1300 0.08613844215869904 4.277737140655518 666.6666666666666 20.755386352539062 0.06669430434703827 0.23624983429908752 0.9616442322731018 4.705197334289551 0.040401291102170944 0.07630600780248642 0.9986873865127563 0.9997861385345459
1350 0.0860048457980156 4.036096096038818 666.6666666666666 20.698205947875977 0.0663214772939682 0.23507259786128998 0.9583853483200073 4.682820796966553 0.11519160121679306 0.2340467870235443 0.9988428950309753 0.999785304069519
1400 0.08587579429149628 4.120999813079834 666.6666666666666 20.657310485839844 0.06605546176433563 0.23349709808826447 0.9517247676849365 4.655588150024414 0.142872616648674 0.2993428111076355 0.9987474083900452 0.9997937679290771
1450 0.08575116097927094 4.217265605926514 666.6666666666666 20.599327087402344 0.06567926704883575 0.23233343660831451 0.9434581398963928 4.631270885467529 0.015385925769805908 0.03605492785573006 0.9987786412239075 0.9997923970222473
1500 0.08563045412302017 3.996628999710083 666.6666666666666 20.555265426635742 0.06539412587881088 0.2311069667339325 0.9415409564971924 4.607468605041504 0.2329784780740738 0.46390795707702637 0.9987426996231079 0.9997896552085876
1550 0.08551322668790817 3.868896484375 666.6666666666666 20.516887664794922 0.06514628976583481 0.22991956770420074 0.937188982963562 4.582693099975586 0.12307766079902649 0.20134364068508148 0.9987452030181885 0.9997916221618652
1600 0.08539947122335434 3.7933428287506104 666.6666666666666 20.47325897216797 0.06486514210700989 0.22855855524539948 0.932621955871582 4.564043045043945 0.005725338589400053 0.002033664844930172 0.9987149834632874 0.9997802376747131
1650 0.08528921008110046 3.995617151260376 666.6666666666666 20.425823211669922 0.0645601749420166 0.22754713892936707 0.9270095825195312 4.540079593658447 0.006362561136484146 0.023503374308347702 0.9988384246826172 0.9997969269752502
1700 0.08518209308385849 4.0853424072265625 666.6666666666666 20.38595199584961 0.0643044263124466 0.22651711106300354 0.9217433929443359 4.527087211608887 0.24119797348976135 0.48221486806869507 0.9989170432090759 0.9998106956481934
1750 0.08507799357175827 4.013957977294922 666.6666666666666 20.359020233154297 0.064131960272789 0.2253916710615158 0.9192719459533691 4.505767822265625 0.1337798684835434 0.2897287607192993 0.9989668130874634 0.9998053908348083
1800 0.08497657626867294 4.063988208770752 666.6666666666666 20.307483673095703 0.06380259245634079 0.22391335666179657 0.9132606387138367 4.4770026206970215 0.09243448823690414 0.20664425194263458 0.9988759756088257 0.9997909069061279
1850 0.08487782627344131 4.055675983428955 666.6666666666666 20.266864776611328 0.06354361772537231 0.22261925041675568 0.9111913442611694 4.450838088989258 0.17615512013435364 0.35514122247695923 0.9989531636238098 0.9998109340667725
1900 0.08478158712387085 4.005013465881348 666.6666666666666 20.222936630249023 0.0632641538977623 0.22143074870109558 0.9085690975189209 4.425290584564209 0.13085876405239105 0.2780619263648987 0.998897135257721 0.9998096823692322
1950 0.08468776941299438 3.9817707538604736 666.6666666666666 20.190847396850586 0.06306040287017822 0.22019393742084503 0.9070740342140198 4.40486478805542 0.148588627576828 0.3200799822807312 0.9989075660705566 0.9998102188110352
2000 0.08459582179784775 3.984469413757324 666.6666666666666 20.155838012695312 0.06283852458000183 0.2189875692129135 0.9042458534240723 4.379004955291748 0.0037103404756635427 0.011678127571940422 0.9988704323768616 0.9998048543930054
2050 0.08450619876384735 4.014185905456543 666.6666666666666 20.12276268005371 0.06262925267219543 0.21779939532279968 0.8996855020523071 4.359837532043457 0.15810640156269073 0.3539913296699524 0.9988696575164795 0.9997962713241577
2100 0.08441878110170364 3.969667434692383 666.6666666666666 20.08151626586914 0.06236879527568817 0.2165345996618271 0.894130289554596 4.331577777862549 0.18853314220905304 0.394616037607193 0.9989179372787476 0.9997929930686951
2150 0.08433356136083603 3.9009313583374023 666.6666666666666 20.041872024536133 0.06211896240711212 0.21530571579933167 0.8891727924346924 4.313425540924072 0.01316994708031416 0.050111304968595505 0.9990264177322388 0.9998190999031067
2200 0.08425026386976242 3.857499122619629 666.6666666666666 20.01118278503418 0.061925943940877914 0.21436122059822083 0.8862677216529846 4.293248653411865 0.1708589494228363 0.34470197558403015 0.99897700548172 0.9998224377632141
2250 0.08416870981454849 3.908621311187744 666.6666666666666 19.9869441986084 0.06177370250225067 0.21311728656291962 0.890495777130127 4.269572734832764 0.20616203546524048 0.43120038509368896 0.9988846182823181 0.9998055100440979
2300 0.08408895879983902 3.823516368865967 666.6666666666666 19.953767776489258 0.06156562268733978 0.21196551620960236 0.8848735690116882 4.242769718170166 0.21060654520988464 0.45069363713264465 0.99901282787323 0.9998068809509277
2350 0.08401110768318176 3.862412452697754 666.6666666666666 19.927160263061523 0.06139902397990227 0.21094165742397308 0.8825519680976868 4.223956108093262 0.058924656361341476 0.12517677247524261 0.9989831447601318 0.9998255372047424
2400 0.08393458276987076 3.80625581741333 666.6666666666666 19.896045684814453 0.061204493045806885 0.21012231707572937 0.8783066272735596 4.2056732177734375 0.12424803525209427 0.25420060753822327 0.998927891254425 0.9998073577880859
2450 0.08385935425758362 3.7906768321990967 666.6666666666666 19.8695125579834 0.061038848012685776 0.2091359794139862 0.8746674060821533 4.187530517578125 0.018858525902032852 0.042232122272253036 0.9989646077156067 0.9998133182525635
2500 0.08378544449806213 3.7630105018615723 666.6666666666666 19.845548629760742 0.06088944897055626 0.20818312466144562 0.8720268607139587 4.170405387878418 0.20736846327781677 0.42953094840049744 0.9990496635437012 0.9998060464859009
2550 0.08371305465698242 3.6091537475585938 666.6666666666666 19.813148498535156 0.060687754303216934 0.2070605754852295 0.8696883916854858 4.147518634796143 0.0023226067423820496 0.02316536009311676 0.999032199382782 0.9998033046722412
2600 0.08364225178956985 3.668362617492676 666.6666666666666 19.78916358947754 0.06053866818547249 0.2059636265039444 0.86585533618927 4.125907897949219 0.21677057445049286 0.4599510431289673 0.999075710773468 0.9997954368591309
2650 0.08357269316911697 3.71404767036438 666.6666666666666 19.76759147644043 0.06040472909808159 0.20528945326805115 0.8655363321304321 4.115267276763916 0.18215617537498474 0.4006495773792267 0.9991205334663391 0.9998177289962769
2700 0.08350436389446259 3.6521010398864746 666.6666666666666 19.7349853515625 0.06020260229706764 0.20408394932746887 0.8629899024963379 4.095989227294922 0.2591756284236908 0.5276682376861572 0.9990439414978027 0.9998198747634888
2750 0.08343716710805893 3.693084478378296 666.6666666666666 19.70709228515625 0.06002994254231453 0.20310957729816437 0.8604870438575745 4.0753374099731445 0.15632541477680206 0.31213340163230896 0.9990559816360474 0.9998233914375305
2800 0.0833713561296463 3.6711478233337402 666.6666666666666 19.68343162536621 0.05988369882106781 0.2021239995956421 0.8596482276916504 4.052769660949707 0.1237606480717659 0.27458465099334717 0.9990578293800354 0.999799907207489
2850 0.0833067074418068 3.601017951965332 666.6666666666666 19.65526580810547 0.05970984697341919 0.20128431916236877 0.8553513288497925 4.039672374725342 0.11892279237508774 0.25301721692085266 0.9989928603172302 0.9998090863227844
2900 0.08324312418699265 3.669349193572998 666.6666666666666 19.625946044921875 0.0595291443169117 0.20039688050746918 0.8524156808853149 4.021784782409668 0.22011896967887878 0.4572419226169586 0.9989944100379944 0.999813437461853
2950 0.08318065106868744 3.669994831085205 666.6666666666666 19.606277465820312 0.05940807983279228 0.1998133510351181 0.8528701066970825 4.009369850158691 0.11528364568948746 0.2593270540237427 0.9990452527999878 0.9998093843460083
3000 0.08311934769153595 3.4779956340789795 666.6666666666666 19.584365844726562 0.05927335098385811 0.19878576695919037 0.8503453731536865 3.9843597412109375 0.16112351417541504 0.33077406883239746 0.9990913271903992 0.9997997879981995
3050 0.08305907994508743 3.6547658443450928 666.6666666666666 19.562435150146484 0.05913867428898811 0.1980588585138321 0.8468578457832336 3.9660420417785645 0.1586776226758957 0.34668588638305664 0.9991031885147095 0.9998005628585815
3100 0.08299978822469711 3.386892557144165 666.6666666666666 19.541589736938477 0.0590108186006546 0.19726581871509552 0.8428958654403687 3.9458184242248535 0.10096585750579834 0.19652724266052246 0.9990918636322021 0.9998167157173157
3150 0.08294152468442917 3.4447617530822754 666.6666666666666 19.521451950073242 0.05888741835951805 0.19637514650821686 0.838816225528717 3.9219627380371094 0.11795612424612045 0.2135494351387024 0.9990629553794861 0.9997933506965637
3200 0.08288431167602539 3.599118232727051 666.6666666666666 19.500774383544922 0.05876084417104721 0.19576312601566315 0.836746096611023 3.912266731262207 0.06790639460086823 0.15611302852630615 0.999062180519104 0.9998120069503784
3250 0.08282771706581116 3.532219409942627 666.6666666666666 19.475360870361328 0.05860549211502075 0.19495534896850586 0.8348937630653381 3.8979926109313965 0.08049019426107407 0.15854880213737488 0.9991317391395569 0.9998356103897095
3300 0.08277171850204468 3.445417642593384 666.6666666666666 19.460615158081055 0.05851544439792633 0.19429300725460052 0.8310533165931702 3.887709617614746 0.1835828423500061 0.35771608352661133 0.9991002678871155 0.9997997879981995
3350 0.08271647989749908 3.542322874069214 666.6666666666666 19.446056365966797 0.058426618576049805 0.19351555407047272 0.8301535844802856 3.867959499359131 0.03190133720636368 0.043567266315221786 0.9991008043289185 0.999800443649292
3400 0.08266216516494751 3.54992938041687 666.6666666666666 19.42121696472168 0.058275219053030014 0.1928406059741974 0.8248228430747986 3.856321334838867 0.1359013020992279 0.2849837839603424 0.9990184903144836 0.9998116493225098
3450 0.08260883390903473 3.508516311645508 666.6666666666666 19.40340232849121 0.058166757225990295 0.19197207689285278 0.82258141040802 3.841764211654663 0.018075281754136086 0.0583156980574131 0.9990786910057068 0.9997973442077637
3500 0.08255641907453537 3.3217763900756836 666.6666666666666 19.391366958618164 0.058093540370464325 0.1912137269973755 0.8205317258834839 3.824211597442627 0.0758291557431221 0.1274067759513855 0.9990836381912231 0.9997888207435608
3550 0.08250457793474197 3.433138132095337 666.6666666666666 19.370229721069336 0.05796506628394127 0.19049975275993347 0.8195600509643555 3.812887668609619 0.00430202716961503 0.010012517683207989 0.9991404414176941 0.9998142719268799
3600 0.08245336264371872 3.4322867393493652 666.6666666666666 19.351648330688477 0.057852257043123245 0.18955086171627045 0.8179847002029419 3.797142744064331 0.008100667037069798 0.029912540689110756 0.9992452263832092 0.9998153448104858
3650 0.08240287750959396 3.3692197799682617 666.6666666666666 19.33162498474121 0.05773080140352249 0.18871761858463287 0.8182260990142822 3.780827045440674 0.054342932999134064 0.1309826821088791 0.9991043210029602 0.999797523021698
3700 0.08235317468643188 3.5018351078033447 666.6666666666666 19.31033706665039 0.057601843029260635 0.1880420297384262 0.8169612288475037 3.7640299797058105 0.1947799026966095 0.4066368043422699 0.9991064071655273 0.9997960329055786
3750 0.0823042243719101 3.354649305343628 666.6666666666666 19.286819458007812 0.05745953693985939 0.18701690435409546 0.8182267546653748 3.743901252746582 0.08563593775033951 0.18255510926246643 0.9990720748901367 0.9998082518577576
3800 0.08225591480731964 3.433049201965332 666.6666666666666 19.271135330200195 0.05736473575234413 0.18658635020256042 0.820553719997406 3.7386975288391113 0.156778946518898 0.3388655185699463 0.9990406632423401 0.9997872114181519
3850 0.08220820128917694 3.348837375640869 666.6666666666666 19.25342559814453 0.05725777521729469 0.18609920144081116 0.8185750842094421 3.7327628135681152 0.10840008407831192 0.2236749529838562 0.9991369843482971 0.9998102188110352
3900 0.08216098695993423 3.281925678253174 666.6666666666666 19.234251022338867 0.05714210495352745 0.18525679409503937 0.8153131604194641 3.716512441635132 0.11836300790309906 0.24585381150245667 0.9991235136985779 0.999806821346283
3950 0.08211436867713928 3.285637378692627 666.6666666666666 19.21578025817871 0.05703078210353851 0.18477004766464233 0.8163630962371826 3.7045559883117676 0.13099363446235657 0.25719526410102844 0.9991373419761658 0.999805212020874
4000 0.08206840604543686 3.3851382732391357 666.6666666666666 19.205387115478516 0.056968171149492264 0.18387047946453094 0.8137440085411072 3.6854021549224854 0.22292204201221466 0.4629824161529541 0.9991456866264343 0.999811053276062
4050 0.0820230171084404 3.3774099349975586 666.6666666666666 19.192352294921875 0.05688972771167755 0.18331119418144226 0.8111396431922913 3.678377628326416 0.1559317260980606 0.32491594552993774 0.9992259740829468 0.9997931122779846
4100 0.08197829127311707 3.2838237285614014 666.6666666666666 19.17606544494629 0.05679178982973099 0.18259987235069275 0.8073351979255676 3.6672816276550293 0.1378127783536911 0.2837103605270386 0.9991730451583862 0.9997848868370056
4150 0.08193402737379074 3.3979108333587646 666.6666666666666 19.158767700195312 0.0566878542304039 0.18195994198322296 0.8057451844215393 3.661125421524048 0.18610213696956635 0.3955286741256714 0.9992619156837463 0.9998103976249695
4200 0.08189021050930023 3.3516440391540527 666.6666666666666 19.147254943847656 0.05661875754594803 0.18125101923942566 0.804338276386261 3.6439831256866455 0.2727167308330536 0.5503869652748108 0.9990764856338501 0.9998006224632263
4250 0.08184690028429031 3.335780382156372 666.6666666666666 19.126689910888672 0.056495390832424164 0.1804848313331604 0.8018302917480469 3.6276698112487793 0.07580368965864182 0.15309514105319977 0.9991698861122131 0.9998036623001099
4300 0.08180395513772964 3.291288375854492 666.6666666666666 19.114240646362305 0.05642079934477806 0.17970989644527435 0.8008431196212769 3.6173367500305176 0.26391637325286865 0.5524770021438599 0.9992033243179321 0.9998081922531128
4350 0.08176157623529434 3.2475531101226807 666.6666666666666 19.103864669799805 0.05635865405201912 0.17908570170402527 0.7984440326690674 3.600768566131592 0.11542622745037079 0.25673702359199524 0.999340832233429 0.9998227953910828
4400 0.08171959221363068 3.2928247451782227 666.6666666666666 19.091510772705078 0.05628471076488495 0.17848926782608032 0.7960958480834961 3.5841317176818848 0.24825039505958557 0.5034892559051514 0.9992040395736694 0.9998003840446472
4450 0.08167817443609238 3.24934983253479 666.6666666666666 19.076515197753906 0.05619501322507858 0.17770810425281525 0.7934575080871582 3.568668842315674 0.23712556064128876 0.4867768883705139 0.9992077946662903 0.9997953176498413
4500 0.08163737505674362 3.2472121715545654 666.6666666666666 19.064210891723633 0.05612148717045784 0.1769825518131256 0.7933329939842224 3.551734447479248 0.04446893930435181 0.08872988075017929 0.9992607235908508 0.99982088804245
4550 0.08159679919481277 3.306906223297119 666.6666666666666 19.041624069213867 0.05598663166165352 0.17647722363471985 0.790371835231781 3.540693759918213 0.08530313521623611 0.1995355784893036 0.9991897940635681 0.9997967481613159
4600 0.08155675232410431 3.312749147415161 666.6666666666666 19.029409408569336 0.0559137724339962 0.17594026029109955 0.790653645992279 3.5325608253479004 0.15429960191249847 0.3362118899822235 0.9992916584014893 0.9998170137405396
4650 0.08151724934577942 3.097679615020752 666.6666666666666 19.01557159423828 0.055831290781497955 0.1753617227077484 0.7892158031463623 3.5163636207580566 0.008692903444170952 0.025374682620167732 0.9992873668670654 0.9998190999031067
4700 0.08147797733545303 3.2771949768066406 666.6666666666666 18.99795150756836 0.05572636052966118 0.1747988611459732 0.7877829074859619 3.502114772796631 0.14544418454170227 0.30618295073509216 0.9991762042045593 0.9998089671134949
4750 0.08143915981054306 3.2073841094970703 666.6666666666666 18.98794937133789 0.05566684156656265 0.17429454624652863 0.7852921485900879 3.490936279296875 0.023664437234401703 0.03827774524688721 0.9992020130157471 0.9997891187667847
4800 0.08140065521001816 3.078557014465332 666.6666666666666 18.97968864440918 0.05561770871281624 0.17389138042926788 0.7867087125778198 3.4813075065612793 0.009503770619630814 0.0162805188447237 0.9993204474449158 0.9998199343681335
4850 0.08136256784200668 3.2098987102508545 666.6666666666666 18.96506690979004 0.05553078651428223 0.17334920167922974 0.7875109314918518 3.4706058502197266 0.06690309196710587 0.14593245089054108 0.9992344379425049 0.9998072385787964
4900 0.08132470399141312 3.117741107940674 666.6666666666666 18.94972801208496 0.055439673364162445 0.1727493405342102 0.7857698798179626 3.4571845531463623 0.030122945085167885 0.05639440566301346 0.9992547035217285 0.9998205304145813
4950 0.08128733932971954 3.1548290252685547 666.6666666666666 18.936063766479492 0.055358584970235825 0.1722266525030136 0.7876360416412354 3.4493165016174316 0.12461286038160324 0.2740800678730011 0.9992169141769409 0.999822735786438
