387.29414224624634 442.44793701171875 2000.0 504.3450622558594 5.102058410644531 1.0786203145980835 0.1473383605480194 0.35476556420326233
769.069682598114 402.0143737792969 2000.0 448.5397033691406 3.8902933597564697 0.7501704096794128 0.44022196531295776 0.7313776016235352
1152.6860926151276 411.43853759765625 2000.0 407.0635986328125 3.1206672191619873 0.6137394309043884 0.07011192291975021 0.1534423679113388
1531.3565909862518 407.03033447265625 2000.0 403.85589599609375 3.0655057430267334 0.5092093348503113 0.6927669644355774 0.9054495692253113
1908.269332408905 400.3834533691406 2000.0 426.1564636230469 3.4617679119110107 0.44727441668510437 0.5620397925376892 0.6566168069839478
2280.5705156326294 385.7869873046875 2000.0 404.9524230957031 3.0842928886413574 0.39876511693000793 0.6457421183586121 0.7379454970359802
2472.267054796219 392.2620849609375 2000.0 415.7511901855469 3.2731425762176514 0.3643122613430023 0.7227968573570251 0.795566976070404
2853.6053261756897 383.62396240234375 2000.0 386.1683654785156 2.772148370742798 0.32349324226379395 0.20833247900009155 0.22111383080482483
3165.931082725525 380.8922424316406 2000.0 389.28472900390625 2.822521209716797 0.31373339891433716 0.005929951556026936 0.0023451794404536486
3380.6514728069305 379.0883483886719 2000.0 380.3150634765625 2.6790313720703125 0.28541433811187744 0.1819576472043991 0.1990446150302887
3582.188900947571 375.794921875 2000.0 379.0791320800781 2.6596171855926514 0.27712491154670715 0.4067380726337433 0.4278721511363983
3781.3797991275787 377.4607849121094 2000.0 383.19793701171875 2.7246501445770264 0.2547088861465454 0.5134049654006958 0.5396952033042908
3979.4004607200623 372.19122314453125 2000.0 405.6484680175781 3.0962562561035156 0.2572404444217682 0.12757450342178345 0.13092932105064392
4179.433570384979 370.76959228515625 2000.0 366.8603210449219 2.472289800643921 0.23345351219177246 0.1496082991361618 0.1600508689880371
4378.724935293198 368.3542175292969 2000.0 364.01348876953125 2.4298338890075684 0.2361558973789215 0.5303326845169067 0.5593662261962891
4577.7586324214935 366.1681823730469 2000.0 371.62384033203125 2.5443317890167236 0.22366245090961456 0.1543170064687729 0.1616571843624115
4753.632120370865 365.45556640625 2000.0 376.22467041015625 2.61510968208313 0.2157479226589203 0.05489730462431908 0.061799585819244385
4969.325452804565 364.44549560546875 2000.0 353.4096984863281 2.275582790374756 0.2061917930841446 0.3374863266944885 0.3558322787284851
5166.389696836472 361.5428771972656 2000.0 369.7191467285156 2.5153744220733643 0.19568239152431488 0.5188204646110535 0.5385328531265259
5364.797977209091 358.2791748046875 2000.0 364.43170166015625 2.4360427856445312 0.19988439977169037 0.28150099515914917 0.298257440328598
5544.139271259308 356.676025390625 2000.0 366.405029296875 2.465470552444458 0.19719450175762177 0.3907548487186432 0.40473073720932007
5739.192257404327 352.13519287109375 2000.0 352.39324951171875 2.261115789413452 0.18949094414710999 0.5107836723327637 0.530839204788208
5940.465289354324 352.5813293457031 2000.0 362.87744140625 2.413015127182007 0.18385106325149536 0.06690311431884766 0.07393869757652283
6142.7734434604645 345.9939270019531 2000.0 359.86724853515625 2.3687918186187744 0.18086323142051697 0.463183730840683 0.47054311633110046
6347.338876008987 346.8409118652344 2000.0 349.7455139160156 2.223691940307617 0.1789458692073822 0.17199377715587616 0.17517007887363434
6542.8243997097015 341.6480712890625 2000.0 342.5989074707031 2.1245431900024414 0.17273516952991486 0.027749668806791306 0.02112451195716858
6754.794727087021 341.57733154296875 2000.0 340.9642028808594 2.1022439002990723 0.17186084389686584 0.06159450113773346 0.061294376850128174
6955.189846038818 338.6104736328125 2000.0 330.4833984375 1.9625906944274902 0.1698371171951294 0.35451239347457886 0.3652869164943695
7143.720522403717 333.06195068359375 2000.0 341.91497802734375 2.1151962280273438 0.16577211022377014 0.4384765326976776 0.44844335317611694
7343.10778260231 332.5205383300781 2000.0 331.4881896972656 1.9757323265075684 0.1668170690536499 0.3774421513080597 0.3866267502307892
7533.152977228165 328.7581787109375 2000.0 333.6163330078125 2.003737449645996 0.16382266581058502 0.18684257566928864 0.1910238265991211
7723.475523710251 326.3074645996094 2000.0 322.0489196777344 1.854324460029602 0.15530788898468018 0.22577324509620667 0.23357537388801575
7913.041479587555 324.8487548828125 2000.0 316.5120544433594 1.7852202653884888 0.15308807790279388 0.14266185462474823 0.14480997622013092
8105.416523694992 323.2593994140625 2000.0 330.763671875 1.9662513732910156 0.15207995474338531 0.3163355588912964 0.32369837164878845
8296.408688783646 320.76025390625 2000.0 306.79388427734375 1.6676499843597412 0.1513214111328125 0.3273433744907379 0.34129124879837036
8469.431191444397 317.9056701660156 2000.0 335.7401428222656 2.0319201946258545 0.14950482547283173 0.22039894759655 0.22727198898792267
8660.746153593063 313.9857177734375 2000.0 325.6741638183594 1.9004123210906982 0.14856919646263123 0.3727920651435852 0.38225850462913513
8855.86256480217 311.2556457519531 2000.0 304.322509765625 1.6384990215301514 0.14568525552749634 0.6032547950744629 0.6178242564201355
9049.136994123459 308.47412109375 2000.0 334.53546142578125 2.0159056186676025 0.14664022624492645 0.13326939940452576 0.1371169537305832
9239.0264980793 305.092041015625 2000.0 305.1912841796875 1.648712396621704 0.14218248426914215 0.10877233743667603 0.11071892082691193
9425.820505857468 303.0591125488281 2000.0 311.3572692871094 1.7222707271575928 0.14385783672332764 0.2097286432981491 0.2143782526254654
9594.782763957977 300.12359619140625 2000.0 314.616455078125 1.7619166374206543 0.13943059742450714 0.07824180275201797 0.07487388700246811
9773.75701713562 299.2336120605469 2000.0 286.2523193359375 1.4344072341918945 0.1398501992225647 0.11694922298192978 0.12036670744419098
9966.424547672272 295.4785461425781 2000.0 296.12823486328125 1.5439879894256592 0.13682973384857178 0.47834354639053345 0.4915179908275604
10160.411843299866 292.064208984375 2000.0 290.87188720703125 1.4850807189941406 0.13417838513851166 0.4104412794113159 0.42196494340896606
10355.47107052803 291.1214599609375 2000.0 296.9328308105469 1.5531233549118042 0.1339496374130249 0.17603138089179993 0.179117351770401
10532.98737001419 289.1820068359375 2000.0 304.0067138671875 1.634795904159546 0.13278144598007202 0.20258739590644836 0.21272695064544678
10726.491266965866 286.3160095214844 2000.0 280.93829345703125 1.377373456954956 0.13265559077262878 0.0006268054130487144 0.0023360513150691986
10905.532491207123 283.22540283203125 2000.0 290.9964599609375 1.4864616394042969 0.1316089779138565 0.15686291456222534 0.1687265932559967
11104.198974609375 279.75323486328125 2000.0 284.8476257324219 1.4192005395889282 0.13214124739170074 0.2747325897216797 0.2785055339336395
11295.7822432518 278.4494323730469 2000.0 275.8614196777344 1.3241310119628906 0.1281851828098297 0.586690366268158 0.6004395484924316
11489.003654241562 278.1507873535156 2000.0 305.1788635253906 1.6485657691955566 0.13061003386974335 0.8033084869384766 0.8167788982391357
11685.322255849838 273.20721435546875 2000.0 266.9070739746094 1.2331607341766357 0.1271042823791504 0.14669781923294067 0.14993993937969208
11876.960124254227 271.2510681152344 2000.0 262.6979064941406 1.1916786432266235 0.12866827845573425 0.2945830225944519 0.3061085641384125
12068.15352678299 267.5341796875 2000.0 274.078857421875 1.305724024772644 0.12644758820533752 0.19258517026901245 0.20126107335090637
12261.524373531342 265.56732177734375 2000.0 271.06646728515625 1.2749543190002441 0.12455566227436066 0.14079828560352325 0.1444738656282425
12454.847760915756 262.4021301269531 2000.0 259.9870300292969 1.1653926372528076 0.12376723438501358 0.137176051735878 0.14043933153152466
12627.81443142891 261.54412841796875 2000.0 264.16925048828125 1.20608651638031 0.11937417834997177 0.0019519085763022304 0.00430251844227314
12815.544380664825 258.2160339355469 2000.0 251.0287628173828 1.0809000730514526 0.12350619584321976 0.17777793109416962 0.1877330094575882
13014.925155162811 255.75848388671875 2000.0 260.4781188964844 1.1701295375823975 0.12191061675548553 0.19740617275238037 0.210249125957489
13191.427311182022 255.55284118652344 2000.0 253.29058837890625 1.1018911600112915 0.12188765406608582 0.028055895119905472 0.02945297211408615
13377.271816968918 252.06784057617188 2000.0 271.8275451660156 1.2826886177062988 0.12217816710472107 0.4712359607219696 0.4776149094104767
13553.107496976852 249.27670288085938 2000.0 259.5188903808594 1.1608868837356567 0.12072578072547913 0.27321040630340576 0.27835628390312195
13725.448773860931 247.4210662841797 2000.0 257.134033203125 1.1380895376205444 0.1174933910369873 0.3197779655456543 0.3260217607021332
13913.988136768341 246.10755920410156 2000.0 246.22802734375 1.0371057987213135 0.11824177205562592 0.30507054924964905 0.31408652663230896
14086.35056900978 242.9239044189453 2000.0 230.05125427246094 0.8970358371734619 0.11578802019357681 0.0722832977771759 0.07302270829677582
14261.846234798431 240.54348754882812 2000.0 255.96615600585938 1.1270195245742798 0.1172572448849678 0.4788615107536316 0.4928256571292877
14438.135476350784 237.85154724121094 2000.0 251.85385131835938 1.0885310173034668 0.11773175746202469 0.06955964863300323 0.07019589841365814
