83.58784532546997 2.9107437133789062 2000.0 133.05470275878906 0.2844788730144501 0.10932527482509613 0.4251778721809387 0.4480033814907074
82.87951922416687 2.6965599060058594 2000.0 141.54798889160156 0.3234277665615082 0.11585433781147003 0.08467627316713333 0.08489488065242767
78.91078400611877 3.0790185928344727 2000.0 133.61947631835938 0.2869859039783478 0.10599275678396225 0.15152239799499512 0.15482833981513977
80.24247097969055 2.9087791442871094 2000.0 157.5237274169922 0.40402787923812866 0.12448033690452576 0.647463858127594 0.6607494950294495
81.25877499580383 2.906883955001831 2000.0 150.56619262695312 0.3677371144294739 0.11842497438192368 0.2672390639781952 0.2755362391471863
78.48446846008301 2.922179937362671 2000.0 149.22607421875 0.3609585165977478 0.11864541471004486 0.04205813258886337 0.04439832642674446
78.51250410079956 2.73608660697937 2000.0 130.21896362304688 0.27206894755363464 0.10762331634759903 0.32033511996269226 0.34040966629981995
80.04064607620239 2.972712516784668 2000.0 126.83321380615234 0.25763851404190063 0.1065254732966423 0.6439831256866455 0.6869433522224426
77.52662253379822 2.9232330322265625 2000.0 145.9887237548828 0.3448637127876282 0.11146411299705505 0.34674710035324097 0.35948827862739563
79.76589941978455 3.191944122314453 2000.0 130.2956085205078 0.272400438785553 0.1070149764418602 0.5716578364372253 0.6050639152526855
78.65608668327332 2.6111927032470703 2000.0 138.4954833984375 0.30912092328071594 0.11265183240175247 0.49528607726097107 0.513106644153595
82.21138572692871 2.977642059326172 2000.0 136.5798797607422 0.30031976103782654 0.11041053384542465 0.5955783128738403 0.6222665309906006
156.37143111228943 2.8872926235198975 2000.0 136.4177703857422 0.29958122968673706 0.11032021045684814 0.32256099581718445 0.3362714946269989
227.12758564949036 2.9997236728668213 2000.0 136.2565155029297 0.2988475263118744 0.11023034900426865 0.5716502070426941 0.5969589352607727
86.29900050163269 2.606757402420044 200.0 23.632219314575195 0.3166574239730835 0.11429156363010406 0.4993101954460144 0.5501949787139893
157.90020203590393 2.423473358154297 200.0 23.3975887298584 0.3099885582923889 0.11327729374170303 0.46874356269836426 0.49649637937545776
229.3321828842163 2.528791904449463 200.0 23.167081832885742 0.3035145401954651 0.1123054176568985 0.134329155087471 0.15857677161693573
299.66899156570435 2.467233180999756 200.0 22.941137313842773 0.2972433269023895 0.11137375235557556 0.35664796829223633 0.39723554253578186
369.94176411628723 2.4213695526123047 200.0 22.718952178955078 0.29114827513694763 0.11048036068677902 0.2795901596546173 0.29728907346725464
439.8824026584625 2.442979335784912 200.0 22.500625610351562 0.2852281332015991 0.10962334275245667 0.13647843897342682 0.1608869731426239
510.73301219940186 2.4174022674560547 200.0 22.28622817993164 0.27948087453842163 0.10880089551210403 0.0313604362308979 0.027393722906708717
581.3187398910522 2.441373586654663 200.0 22.07559585571289 0.27389827370643616 0.10801132768392563 0.40662992000579834 0.44926711916923523
651.5001661777496 2.469874620437622 200.0 21.869150161743164 0.2684878408908844 0.1072530671954155 0.2305363118648529 0.2689402401447296
722.7225952148438 2.51193904876709 200.0 21.666603088378906 0.26323819160461426 0.10652453452348709 0.23344101011753082 0.2680984437465668
792.051522731781 2.563577175140381 200.0 21.46763038635254 0.258137583732605 0.10582432150840759 0.4050067961215973 0.46352797746658325
861.0745522975922 2.5482237339019775 200.0 21.271949768066406 0.25317561626434326 0.10515105724334717 0.28216421604156494 0.328641802072525
931.2123556137085 2.5430564880371094 200.0 21.079790115356445 0.24835512042045593 0.10450349748134613 0.3691457211971283 0.42810267210006714
1000.4862651824951 2.556184768676758 200.0 20.891244888305664 0.24367545545101166 0.10388042032718658 0.45465943217277527 0.5211546421051025
1070.285718679428 2.4888975620269775 200.0 20.706058502197266 0.23912738263607025 0.1032806783914566 0.2775048613548279 0.32025375962257385
1140.501460313797 2.5279622077941895 200.0 20.52467918395996 0.2347189038991928 0.10270315408706665 0.28111687302589417 0.33089542388916016
1210.9338915348053 2.5404720306396484 200.0 20.346527099609375 0.23043310642242432 0.10214678943157196 0.40902674198150635 0.47920408844947815
1279.593633890152 2.562081813812256 200.0 20.171602249145508 0.2262677252292633 0.10161062330007553 0.4254540801048279 0.49904894828796387
1349.597463607788 2.4310410022735596 200.0 19.999835968017578 0.22221840918064117 0.10109374672174454 0.20411813259124756 0.22822502255439758
1420.2906494140625 2.4530012607574463 200.0 19.83141326904297 0.21828721463680267 0.10059525072574615 0.1499423235654831 0.18134234845638275
1490.4705724716187 2.387005090713501 200.0 19.66619300842285 0.21446849405765533 0.10011427849531174 0.038660742342472076 0.05207688733935356
1559.6337721347809 2.3164525032043457 200.0 19.50400733947754 0.2107560634613037 0.0996500551700592 0.21189281344413757 0.24374623596668243
1630.3910493850708 2.4903783798217773 200.0 19.34502601623535 0.20715181529521942 0.09920181334018707 0.30321112275123596 0.36174675822257996
1701.4712285995483 2.431241989135742 200.0 19.189105987548828 0.20365025103092194 0.09876881539821625 0.42310571670532227 0.49598467350006104
1773.4808638095856 2.5494494438171387 200.0 19.036081314086914 0.2002456933259964 0.098350390791893 0.37756913900375366 0.4601742923259735
1846.9724764823914 2.5026276111602783 200.0 18.88602638244629 0.19693785905838013 0.09794588387012482 0.13030295073986053 0.17179912328720093
1919.9211835861206 2.490676164627075 200.0 18.73899269104004 0.193726047873497 0.09755467623472214 0.08230087906122208 0.11204806715250015
1992.291524887085 2.4690370559692383 200.0 18.5948543548584 0.19060568511486053 0.09717616438865662 0.23149658739566803 0.28867819905281067
2063.5292506217957 2.462364673614502 200.0 18.453407287597656 0.1875706911087036 0.09680980443954468 0.5240840911865234 0.637378454208374
2135.7934505939484 2.5064144134521484 200.0 18.314884185791016 0.1846243143081665 0.09645503759384155 0.27998894453048706 0.35620594024658203
2207.672284603119 2.4830074310302734 200.0 18.179367065429688 0.18176671862602234 0.09611138701438904 0.4386001229286194 0.5400282144546509
2279.8095660209656 2.48321270942688 200.0 18.046518325805664 0.17898906767368317 0.09577832370996475 0.38169965147972107 0.4784533977508545
2351.6292939186096 2.350658655166626 200.0 17.91649055480957 0.17629310488700867 0.09545540809631348 0.2072857767343521 0.25159573554992676
2424.041151046753 2.345689058303833 200.0 17.789108276367188 0.17367368936538696 0.0951421931385994 0.018742365762591362 0.01872856356203556
2495.450856924057 2.4668400287628174 200.0 17.664546966552734 0.17113307118415833 0.09483823925256729 0.09774763137102127 0.12645883858203888
2565.3357734680176 2.2849676609039307 200.0 17.54256248474121 0.1686648279428482 0.09454316645860672 0.006560692097991705 0.002510610967874527
2637.658918619156 2.51204514503479 200.0 17.423133850097656 0.1662672758102417 0.09425657242536545 0.36480966210365295 0.4754045903682709
2708.9043748378754 2.5238473415374756 200.0 17.306440353393555 0.16394273936748505 0.09397809952497482 0.3666318953037262 0.4814961850643158
2779.0940415859222 2.3592584133148193 200.0 17.192222595214844 0.16168485581874847 0.09370739758014679 0.11792407184839249 0.14394357800483704
2849.3944487571716 2.5107991695404053 200.0 17.080459594726562 0.15949200093746185 0.09344412386417389 0.19525709748268127 0.2658180296421051
2919.2194147109985 2.347565174102783 200.0 16.971315383911133 0.1573663353919983 0.09318798780441284 0.235052689909935 0.3037124276161194
2989.8395931720734 2.501098155975342 200.0 16.86454963684082 0.1553020030260086 0.09293866157531738 0.1711498647928238 0.23345814645290375
3060.6472465991974 2.535123825073242 200.0 16.760147094726562 0.15329770743846893 0.09269586950540543 0.2247188538312912 0.313071608543396
3131.95916891098 2.5244038105010986 200.0 16.658308029174805 0.1513563096523285 0.09245933592319489 0.3026530146598816 0.4161422848701477
3203.107439994812 2.410205125808716 200.0 16.558822631835938 0.14947275817394257 0.09222878515720367 0.03458726406097412 0.06107797101140022
3273.433033466339 2.486406087875366 200.0 16.46131706237793 0.14763915538787842 0.0920039638876915 0.020225150510668755 0.045185498893260956
3343.5302460193634 2.307833671569824 200.0 16.366046905517578 0.14585945010185242 0.09178466349840164 0.1659652441740036 0.22437410056591034
3414.7179083824158 2.4550092220306396 200.0 16.273250579833984 0.14413724839687347 0.09157062321901321 0.2389923483133316 0.3411998152732849
3486.9481036663055 2.3982114791870117 200.0 16.182729721069336 0.14246796071529388 0.0913616418838501 0.13947920501232147 0.19702793657779694
3557.6532702445984 2.446171522140503 200.0 16.09416961669922 0.14084509015083313 0.09115750342607498 0.004662684630602598 0.014482777565717697
3628.4614470005035 2.4072911739349365 200.0 16.007722854614258 0.13927061855793 0.09095801413059235 0.1761338859796524 0.2477538138628006
3699.944943666458 2.4870424270629883 200.0 15.923359870910645 0.13774333894252777 0.09076297283172607 0.09515999257564545 0.14924578368663788
3772.292236804962 2.520479679107666 200.0 15.841360092163086 0.13626764714717865 0.09057222306728363 0.24215880036354065 0.36705759167671204
3842.6113333702087 2.4705097675323486 200.0 15.761588096618652 0.13484032452106476 0.0903855487704277 0.22148364782333374 0.33586829900741577
3913.475061416626 2.4524214267730713 200.0 15.683698654174805 0.13345451653003693 0.09020279347896576 0.07233080267906189 0.09671887755393982
3985.2504694461823 2.472301959991455 200.0 15.607782363891602 0.13211125135421753 0.09002379328012466 0.2666032016277313 0.41035258769989014
4056.951615333557 2.403886318206787 200.0 15.533805847167969 0.13080939650535583 0.08984841406345367 0.1713000237941742 0.25845766067504883
4128.154677391052 2.4877355098724365 200.0 15.461602210998535 0.12954548001289368 0.08967647701501846 0.20635466277599335 0.32737499475479126
4199.922279834747 2.3998823165893555 200.0 15.391247749328613 0.12832029163837433 0.08950787037611008 0.04219724237918854 0.07802875339984894
4271.674118041992 2.5342507362365723 200.0 15.322807312011719 0.12713448703289032 0.08934244513511658 0.16633453965187073 0.274337500333786
4343.501463890076 2.494239568710327 200.0 15.256158828735352 0.12598547339439392 0.08918008953332901 0.2728903293609619 0.4346495568752289
4414.674108505249 2.5147554874420166 200.0 15.191256523132324 0.12487194687128067 0.08902067691087723 0.12701836228370667 0.21313582360744476
4486.829951047897 2.518787384033203 200.0 15.128044128417969 0.12379255145788193 0.08886408060789108 0.18167971074581146 0.30316704511642456
4557.635698318481 2.5055065155029297 200.0 15.06640911102295 0.12274495512247086 0.08871021121740341 0.17448852956295013 0.29843100905418396
4629.318506002426 2.493651866912842 200.0 15.006573677062988 0.12173257023096085 0.08855892717838287 0.17791636288166046 0.3023204207420349
4702.242523908615 2.4912123680114746 200.0 14.94825267791748 0.12075014412403107 0.0884101465344429 0.27423396706581116 0.4585832953453064
4773.753171205521 2.397163152694702 200.0 14.891623497009277 0.11980032920837402 0.08826378732919693 0.022077910602092743 0.018314173445105553
4845.48921918869 2.435830593109131 200.0 14.836400985717773 0.11887800693511963 0.08811973035335541 0.08781107515096664 0.16002021729946136
4916.402025461197 2.4846153259277344 200.0 14.782790184020996 0.1179862767457962 0.08797790110111237 0.15376411378383636 0.2749042212963104
4990.097785711288 2.3814990520477295 200.0 14.730448722839355 0.11711914837360382 0.08783820271492004 0.2298695594072342 0.38948866724967957
5061.740673542023 2.349825859069824 200.0 14.679422378540039 0.11627712845802307 0.08770056813955307 0.001409809454344213 0.011267490684986115
5133.067202091217 2.4830121994018555 200.0 14.629996299743652 0.11546462774276733 0.08756490796804428 0.09900292754173279 0.17953526973724365
5203.077108860016 2.3479878902435303 200.0 14.581818580627441 0.1146756112575531 0.0874311551451683 0.07932431250810623 0.12705183029174805
5275.762290477753 2.4452579021453857 200.0 14.535022735595703 0.11391200870275497 0.08729923516511917 0.13588149845600128 0.24987545609474182
5345.6813588142395 2.453409194946289 200.0 14.48953628540039 0.11317239701747894 0.08716908097267151 0.020695557817816734 0.05438216030597687
5418.3067491054535 2.479100465774536 200.0 14.445354461669922 0.11245650053024292 0.08704062551259995 0.15825963020324707 0.29231053590774536
5490.468966007233 2.5377793312072754 200.0 14.402307510375977 0.11176133155822754 0.08691378682851791 0.11745250225067139 0.2298930287361145
5563.698532819748 2.5285301208496094 200.0 14.360424995422363 0.11108719557523727 0.08678852766752243 0.18621307611465454 0.35594868659973145
5635.875526189804 2.3349769115448 200.0 14.319537162780762 0.11043120175600052 0.08666478842496872 0.056821178644895554 0.09859704971313477
5707.201533079147 2.532252550125122 200.0 14.27987289428711 0.10979681462049484 0.086542509496212 0.11483343690633774 0.23089957237243652
5777.483498334885 2.4565980434417725 200.0 14.241241455078125 0.10918083041906357 0.08642163872718811 0.1393163651227951 0.2686764597892761
5849.034072875977 2.4830470085144043 200.0 14.203773498535156 0.1085851639509201 0.08630213141441345 0.10991572588682175 0.22446948289871216
5920.955684661865 2.4852614402770996 200.0 14.167411804199219 0.10800880193710327 0.08618392795324326 0.16906359791755676 0.3375888466835022
5989.066656112671 2.4701199531555176 200.0 14.132010459899902 0.10744922608137131 0.08606699109077454 0.07281949371099472 0.14924316108226776
6060.727518558502 2.5144174098968506 200.0 14.097496032714844 0.10690517723560333 0.08595126867294312 0.06572563946247101 0.1437048465013504
6133.018508672714 2.5423431396484375 200.0 14.06386661529541 0.10637649148702621 0.0858367308974266 0.15341441333293915 0.31964102387428284
6205.844033002853 2.472550392150879 200.0 14.031222343444824 0.10586465150117874 0.08572331815958023 0.08803828805685043 0.19055233895778656
6282.501138210297 2.3720011711120605 200.0 13.999372482299805 0.1053665429353714 0.0856110155582428 0.015973100438714027 0.023635515943169594
6352.429864406586 2.2813022136688232 200.0 13.96847152709961 0.10488449782133102 0.08549976348876953 0.04671219736337662 0.08526588976383209
6422.775852203369 2.479879379272461 200.0 13.938157081604004 0.10441272705793381 0.08538953959941864 0.005097819492220879 0.002779847476631403
6492.762780427933 2.516871690750122 200.0 13.90883731842041 0.10395751893520355 0.08528031408786774 0.15137700736522675 0.32698410749435425
6561.751044988632 2.5351812839508057 200.0 13.880127906799316 0.10351283848285675 0.08517202734947205 0.12121374160051346 0.26989176869392395
6632.341064691544 2.44624662399292 200.0 13.852181434631348 0.10308095812797546 0.08506468683481216 0.04884086549282074 0.11084534972906113
6703.62158370018 2.462991237640381 200.0 13.824986457824707 0.1026616171002388 0.08495824038982391 0.12476302683353424 0.27736717462539673
6773.42295384407 2.4879536628723145 200.0 13.798423767089844 0.10225290060043335 0.0848526656627655 0.07310552150011063 0.16965632140636444
6843.403985977173 2.4843382835388184 200.0 13.772567749023438 0.10185588896274567 0.08474793285131454 0.01835240237414837 0.027081700041890144
6913.325259685516 2.4767422676086426 200.0 13.747406005859375 0.10147033631801605 0.08464400470256805 0.1123477891087532 0.2587387263774872
6983.9075717926025 2.4545626640319824 200.0 13.722973823547363 0.1010967344045639 0.08454087376594543 0.050585534423589706 0.1225796714425087
7053.951901674271 2.4429068565368652 200.0 13.699124336242676 0.10073275864124298 0.0844385027885437 0.058431752026081085 0.12766878306865692
7124.026959657669 2.4638280868530273 200.0 13.675661087036133 0.10037536174058914 0.08433687686920166 0.024757251143455505 0.06510951370000839
7194.405196428299 2.4887638092041016 200.0 13.653037071228027 0.10003136843442917 0.08423597365617752 0.019610904157161713 0.06098390743136406
7264.7700209617615 2.398223638534546 200.0 13.630852699279785 0.09969469159841537 0.08413577079772949 0.01807529851794243 0.053304579108953476
7334.603493452072 2.4743852615356445 200.0 13.609294891357422 0.09936809539794922 0.08403623849153519 0.09129804372787476 0.2192012220621109
7404.617557764053 2.5387954711914062 200.0 13.58810043334961 0.09904757887125015 0.08393735438585281 0.07753807306289673 0.19405652582645416
7474.392234802246 2.53566312789917 200.0 13.567428588867188 0.09873548150062561 0.08383912593126297 0.07327134162187576 0.18712283670902252
7545.927284002304 2.3677451610565186 200.0 13.547286987304688 0.09843191504478455 0.08374150097370148 0.06697142869234085 0.15015330910682678
7615.772066354752 2.5073599815368652 200.0 13.527519226074219 0.09813446551561356 0.08364449441432953 0.04930085316300392 0.13003197312355042
7685.596607923508 2.539310932159424 200.0 13.50813102722168 0.09784319996833801 0.08354806900024414 0.061602793633937836 0.15883490443229675
7755.713995933533 2.4673736095428467 200.0 13.489362716674805 0.09756167232990265 0.08345220983028412 0.02584761381149292 0.06277404725551605
7825.571475744247 2.3523411750793457 200.0 13.470931053161621 0.09728562831878662 0.08335691690444946 0.015827318653464317 0.04512348026037216
7891.872676849365 2.492206573486328 200.0 13.453010559082031 0.09701764583587646 0.08326216042041779 0.015505753457546234 0.04301181808114052
7957.593350410461 2.4754724502563477 200.0 13.435301780700684 0.09675321727991104 0.08316793292760849 0.014614866115152836 0.035255253314971924
8024.216016769409 2.524507522583008 200.0 13.41811752319336 0.09649696946144104 0.08307420462369919 0.07407277077436447 0.1961812973022461
8093.922365427017 2.4796230792999268 200.0 13.4013671875 0.09624755382537842 0.08298099040985107 0.08335692435503006 0.21920683979988098
8163.513451099396 2.517693281173706 200.0 13.384820938110352 0.0960015282034874 0.08288825303316116 0.08254830539226532 0.21599049866199493
8233.282856702805 2.318019390106201 200.0 13.368640899658203 0.09576127678155899 0.08279599994421005 0.054580848664045334 0.13763336837291718
8302.897542476654 2.4062771797180176 200.0 13.352630615234375 0.09552384912967682 0.08270420879125595 0.03385458514094353 0.08080142736434937
8372.379404306412 2.4893479347229004 200.0 13.33700942993164 0.09529250115156174 0.08261286467313766 0.05775277689099312 0.15464875102043152
8442.180006504059 2.4494705200195312 200.0 13.321596145629883 0.09506453573703766 0.08252197504043579 0.055348191410303116 0.15478143095970154
8511.955930948257 2.529104709625244 200.0 13.306718826293945 0.09484473615884781 0.08243151009082794 0.07564102858304977 0.20862466096878052
8581.321056365967 2.3789215087890625 200.0 13.292055130004883 0.09462839365005493 0.08234146982431412 0.011270279064774513 0.02438005991280079
8647.60400390625 2.47607159614563 200.0 13.2777099609375 0.09441700577735901 0.08225183933973312 0.02763921581208706 0.0759255513548851
8716.549258232117 2.483293294906616 200.0 13.26358413696289 0.09420907497406006 0.08216260373592377 0.05016976222395897 0.14004944264888763
8786.486669301987 2.479818344116211 200.0 13.249675750732422 0.09400461614131927 0.08207377046346664 0.0010211477056145668 0.0019804369658231735
8855.936341524124 2.4312174320220947 200.0 13.23610782623291 0.09380535781383514 0.08198531717061996 0.061966147273778915 0.16240733861923218
8925.798196315765 2.4982595443725586 200.0 13.222716331481934 0.09360893070697784 0.08189725130796432 0.006003337912261486 0.02332690916955471
8995.76222872734 2.4957642555236816 200.0 13.20959186553955 0.09341663867235184 0.08180955052375793 0.01752762869000435 0.051094409078359604
9052.118850946426 2.341963768005371 200.0 13.196444511413574 0.09322420507669449 0.0817222148180008 0.025553012266755104 0.06824631243944168
9121.787900447845 2.5566790103912354 200.0 13.183599472045898 0.09303642064332962 0.0816352367401123 0.059208162128925323 0.17073051631450653
9191.184975147247 2.5299086570739746 200.0 13.170869827270508 0.09285052120685577 0.08154860883951187 0.07057231664657593 0.2018338143825531
9261.351300477982 2.4714136123657227 200.0 13.158282279968262 0.0926668643951416 0.0814623236656189 0.045528098940849304 0.1280364841222763
9330.512638092041 2.4134395122528076 200.0 13.14595890045166 0.09248728305101395 0.08137638866901398 0.0276658833026886 0.07857269793748856
9400.938235282898 2.48862361907959 200.0 13.1338529586792 0.09231103956699371 0.08129077404737473 0.06423711776733398 0.1842052936553955
9473.807651042938 2.414393663406372 200.0 13.121947288513184 0.0921378880739212 0.08120549470186234 0.039076294749975204 0.10272789001464844
9545.959186792374 2.512714147567749 200.0 13.110136032104492 0.09196627885103226 0.08112053573131561 0.011715528555214405 0.03970780596137047
9616.225192785263 2.4626083374023438 200.0 13.098557472229004 0.09179823100566864 0.08103588968515396 0.03847327083349228 0.11133778840303421
9688.025549173355 2.4599599838256836 200.0 13.087014198303223 0.09163083881139755 0.08095156401395798 0.0010694568045437336 0.010950731113553047
9758.056727170944 2.5353360176086426 200.0 13.07559871673584 0.09146548062562943 0.08086753636598587 0.04498037323355675 0.13490068912506104
9828.675864458084 2.461282730102539 200.0 13.064413070678711 0.09130358695983887 0.08078380674123764 0.03426022827625275 0.10256115347146988
9901.330259561539 2.4786975383758545 200.0 13.05345630645752 0.09114515036344528 0.08070037513971329 0.0180912334471941 0.04418148100376129
9971.807933330536 2.454104423522949 200.0 13.042677879333496 0.09098945558071136 0.08061724156141281 0.01383015513420105 0.033360231667757034
10042.708796977997 2.5049829483032227 200.0 13.03185749053955 0.09083328396081924 0.08053438365459442 0.018325310200452805 0.05824068933725357
10113.624060153961 2.4341752529144287 200.0 13.021336555480957 0.09068157523870468 0.08045180886983871 0.03456553816795349 0.10342481732368469
10184.733177185059 2.533212423324585 200.0 13.01093864440918 0.09053178131580353 0.0803695097565651 0.04066133126616478 0.12433697283267975
10255.025570631027 2.4328088760375977 200.0 13.000739097595215 0.09038496017456055 0.08028749376535416 0.006633236072957516 0.021219011396169662
10324.890987873077 2.557218313217163 200.0 12.990474700927734 0.09023734927177429 0.08020573109388351 0.02140912041068077 0.06890369206666946
10395.858968019485 2.4246633052825928 200.0 12.980462074279785 0.0900934562087059 0.08012423664331436 0.0023824332747608423 0.01236690953373909
10465.775642633438 2.463484048843384 200.0 12.970577239990234 0.08995155245065689 0.0800430104136467 0.017915690317749977 0.05503953993320465
10535.858690023422 2.3960392475128174 200.0 12.960652351379395 0.08980917185544968 0.07996203005313873 0.013417757116258144 0.04036528244614601
10605.876968860626 2.4646759033203125 200.0 12.950872421264648 0.08966900408267975 0.07988131791353226 0.005536853801459074 0.010808097198605537
10678.195966482162 2.476877450942993 200.0 12.941231727600098 0.08953093737363815 0.07980085909366608 0.015669947490096092 0.04586074501276016
10747.581474781036 2.458373546600342 200.0 12.931735038757324 0.08939505368471146 0.0797206461429596 0.012338913977146149 0.03694717958569527
10819.760324954987 2.386056423187256 200.0 12.922335624694824 0.08926066756248474 0.07964066416025162 0.016218144446611404 0.046180360019207
10888.974107265472 2.5648441314697266 200.0 12.913010597229004 0.08912743628025055 0.07956093549728394 0.034048356115818024 0.1072995588183403
10959.701031208038 2.3491759300231934 200.0 12.903587341308594 0.08899291604757309 0.07948145270347595 0.012737107463181019 0.03821847587823868
11031.330777645111 2.5187299251556396 200.0 12.894306182861328 0.08886053413152695 0.07940219342708588 0.03916901350021362 0.12154344469308853
11100.94201540947 2.453310012817383 200.0 12.885109901428223 0.08872947096824646 0.0793231874704361 0.01088038831949234 0.03000688925385475
11170.947588443756 2.5287861824035645 200.0 12.875961303710938 0.08859918266534805 0.07924439758062363 0.027598971500992775 0.08758043497800827
11241.196875572205 2.460784435272217 200.0 12.866903305053711 0.08847028762102127 0.07916585355997086 0.026574302464723587 0.08320104330778122
11309.231173992157 2.5328965187072754 200.0 12.857970237731934 0.08834327757358551 0.07908754050731659 0.004200182389467955 0.01769838109612465
11378.241114377975 2.467897653579712 200.0 12.849202156066895 0.08821869641542435 0.07900943607091904 0.010707295499742031 0.03660132735967636
11449.47797036171 2.3314707279205322 200.0 12.840448379516602 0.08809440582990646 0.07893156260251999 0.03501100465655327 0.10764261335134506
11519.372846126556 2.503108501434326 200.0 12.83156681060791 0.08796842396259308 0.07885390520095825 0.022090110927820206 0.06942985206842422
11589.826626062393 2.5325324535369873 200.0 12.822781562805176 0.0878438800573349 0.07877647876739502 0.0137614905834198 0.0460125096142292
11660.787879228592 2.561923027038574 200.0 12.813948631286621 0.08771876245737076 0.0786992684006691 0.022561412304639816 0.0760326087474823
11729.951276540756 2.5533201694488525 200.0 12.805265426635742 0.08759584277868271 0.07862228155136108 0.02375534176826477 0.07897130399942398
11800.724871635437 2.564566135406494 200.0 12.79666519165039 0.08747419714927673 0.07854549586772919 0.014892901293933392 0.051056139171123505
11870.902656555176 2.420330762863159 200.0 12.788131713867188 0.08735360205173492 0.0784689262509346 0.013992246240377426 0.04682058468461037
11941.32880806923 2.3748533725738525 200.0 12.779764175415039 0.08723542094230652 0.07839256525039673 0.03502485528588295 0.10989291965961456
12011.410082101822 2.5648536682128906 200.0 12.771333694458008 0.08711645007133484 0.07831642031669617 0.013392813503742218 0.04499472305178642
12082.819605588913 2.4973819255828857 200.0 12.762996673583984 0.08699887245893478 0.07824047654867172 0.004190236330032349 0.011960702016949654
12146.94878411293 2.5617940425872803 200.0 12.754570007324219 0.08688013255596161 0.07816474139690399 0.02061980403959751 0.06765903532505035
12218.441054344177 2.507784128189087 200.0 12.74627685546875 0.08676333725452423 0.07808920741081238 0.021234016865491867 0.06787246465682983
12287.411180496216 2.5167672634124756 200.0 12.738182067871094 0.08664942532777786 0.07801388204097748 0.012977388687431812 0.04173937439918518
12356.385601043701 2.490736484527588 200.0 12.730037689208984 0.08653488755226135 0.0779387503862381 0.0027518519200384617 0.011914603412151337
12425.130034208298 2.4279708862304688 200.0 12.721952438354492 0.08642127364873886 0.07786381244659424 0.004693374037742615 0.01701805368065834
12495.089845895767 2.5736169815063477 200.0 12.713961601257324 0.086309053003788 0.07778908312320709 0.022493720054626465 0.07303708791732788
12564.343783378601 2.5329947471618652 200.0 12.705803871154785 0.08619457483291626 0.07771454751491547 0.003352960105985403 0.015232523903250694
12634.365493059158 2.5349202156066895 200.0 12.697772979736328 0.08608196675777435 0.07764019817113876 0.015718966722488403 0.051712922751903534
12696.986353635788 2.5025382041931152 200.0 12.689720153808594 0.08596913516521454 0.07756605744361877 0.0005882456316612661 0.0026761903427541256
12766.777688980103 2.5607290267944336 200.0 12.681952476501465 0.08586035668849945 0.07749209553003311 0.018244285136461258 0.060099899768829346
12838.786259174347 2.4735121726989746 200.0 12.67400074005127 0.0857490673661232 0.07741833478212357 0.006241173949092627 0.023695064708590508
12908.602443933487 2.5357463359832764 200.0 12.666098594665527 0.08563856780529022 0.07734476029872894 0.018389932811260223 0.06164161115884781
12980.446741104126 2.5429203510284424 200.0 12.658302307128906 0.08552960306406021 0.07727136462926865 0.017992597073316574 0.061290107667446136
13049.651445627213 2.416632652282715 200.0 12.650534629821777 0.085421122610569 0.07719817012548447 0.004247425589710474 0.017919456586241722
13119.625591993332 2.4313783645629883 200.0 12.642806053161621 0.08531326055526733 0.07712516188621521 0.010661435313522816 0.03546803817152977
13188.44465970993 2.5157415866851807 200.0 12.634937286376953 0.08520353585481644 0.07705233991146088 0.018342770636081696 0.06056221202015877
13258.449217319489 2.4371449947357178 200.0 12.627188682556152 0.08509551733732224 0.07697969675064087 0.009742530062794685 0.03350796550512314
13328.911977767944 2.5686540603637695 200.0 12.619463920593262 0.08498793840408325 0.07690723985433578 0.012998068705201149 0.044102247804403305
13398.9726998806 2.567146062850952 200.0 12.611906051635742 0.08488275110721588 0.07683496177196503 0.00740116136148572 0.0277768075466156
13470.729129076004 2.5647170543670654 200.0 12.604254722595215 0.08477631956338882 0.07676286995410919 0.006358506623655558 0.02281992696225643
13540.466583251953 2.518770217895508 200.0 12.596717834472656 0.08467155694961548 0.07669094949960709 0.00962273869663477 0.03084762580692768
13611.669353246689 2.5046308040618896 200.0 12.58906364440918 0.08456525206565857 0.0766192078590393 0.007185845635831356 0.02352958545088768
13683.514149188995 2.4151947498321533 200.0 12.581535339355469 0.08446072787046432 0.07654765248298645 0.009723350405693054 0.030351947993040085
13753.802483081818 2.569845199584961 200.0 12.57418155670166 0.08435873687267303 0.07647626101970673 0.009285296313464642 0.03126462921500206
13812.815905332565 2.514068126678467 200.0 12.56682300567627 0.08425672352313995 0.07640504837036133 0.0016522945370525122 0.007477168925106525
13882.606266260147 2.5406222343444824 200.0 12.55927562713623 0.08415215462446213 0.07633400708436966 0.01394384540617466 0.046590011566877365
13955.738073348999 2.4962778091430664 200.0 12.551904678344727 0.08405010402202606 0.07626315206289291 0.007034319452941418 0.024631883949041367
14026.520245075226 2.5521059036254883 200.0 12.544439315795898 0.08394680172204971 0.0761924609541893 0.010248859412968159 0.03272471949458122
14100.663754463196 2.4018945693969727 200.0 12.537123680114746 0.08384565263986588 0.07612194865942001 0.01702306792140007 0.05184417963027954
14175.352078437805 2.5882859230041504 200.0 12.529727935791016 0.08374346792697906 0.07605160027742386 0.008284608833491802 0.0289728082716465
14247.371885299683 2.5742900371551514 200.0 12.522490501403809 0.08364350348711014 0.07598143070936203 0.009938091970980167 0.03373518958687782
14321.588185310364 2.5001001358032227 200.0 12.515186309814453 0.08354269713163376 0.07591141760349274 0.013621561229228973 0.04593605920672417
14394.249955177307 2.4864397048950195 200.0 12.507869720458984 0.08344179391860962 0.07584159076213837 0.001376479398459196 0.0029144843574613333
