94.26497340202332 2.9368021488189697 200.0 22.99842643737793 0.2988264858722687 0.11010219901800156 0.524997353553772 0.5881593227386475
202.72762393951416 2.9009358882904053 200.0 22.06507110595703 0.27362099289894104 0.10711853951215744 0.5077360272407532 0.577332615852356
244.92181015014648 2.8785555362701416 200.0 20.756256103515625 0.2403555065393448 0.10344317555427551 0.4648542106151581 0.5449787378311157
321.0050423145294 2.8370556831359863 200.0 19.558303833007812 0.2119949609041214 0.10054277628660202 0.3363575041294098 0.41294121742248535
367.3216059207916 2.707515239715576 200.0 18.824464797973633 0.1955895721912384 0.09895668178796768 0.1327069252729416 0.15935048460960388
409.0538156032562 2.699113368988037 200.0 18.144500732421875 0.18103545904159546 0.09760124236345291 0.041391897946596146 0.05178637057542801
474.75443935394287 2.781993865966797 200.0 17.23175621032715 0.162464439868927 0.0959269255399704 0.24249906837940216 0.3362065553665161
514.0106420516968 2.80324125289917 200.0 16.698089599609375 0.15211309492588043 0.09500814229249954 0.2688613831996918 0.39192065596580505
556.7131655216217 2.794515609741211 200.0 16.012462615966797 0.13935670256614685 0.09386538714170456 0.20079487562179565 0.3217642307281494
609.6870484352112 2.7914273738861084 200.0 15.462430000305176 0.12955991923809052 0.09294435381889343 0.1891636848449707 0.33166956901550293
682.6275775432587 2.7834067344665527 200.0 15.03677749633789 0.12224305421113968 0.09218818694353104 0.1499486118555069 0.29012471437454224
742.9662847518921 2.690288543701172 200.0 14.812919616699219 0.11848699301481247 0.09175287932157516 0.023030035197734833 0.04594153165817261
778.8680753707886 2.715179920196533 200.0 14.629875183105469 0.11546264588832855 0.0913597121834755 0.07944454252719879 0.17367061972618103
831.6679449081421 2.7807912826538086 200.0 14.417037010192871 0.11199894547462463 0.09083008021116257 0.07979711145162582 0.19428201019763947
869.6071770191193 2.781656265258789 200.0 14.260422706604004 0.10948643833398819 0.09035269170999527 0.05923914536833763 0.15496042370796204
918.7565279006958 2.7680678367614746 200.0 14.142953872680664 0.10762205719947815 0.08991144597530365 0.048089660704135895 0.13177596032619476
982.8738594055176 2.6761045455932617 200.0 14.052689552307129 0.10620109736919403 0.08949538320302963 0.0068396772257983685 0.01652616821229458
1016.7904143333435 2.756545066833496 200.0 14.00308609008789 0.10542456060647964 0.08922825008630753 0.022328047081828117 0.06864362210035324
1075.9961216449738 2.7612357139587402 200.0 13.939684867858887 0.10443645715713501 0.088839091360569 0.01178551185876131 0.03916142135858536
1121.4884884357452 2.769739866256714 200.0 13.885082244873047 0.1035894900560379 0.08846070617437363 0.010169820860028267 0.03464375436306
1201.313943862915 2.708075523376465 200.0 13.852420806884766 0.10308463871479034 0.08821321278810501 0.008132494054734707 0.02558600716292858
1247.3090283870697 2.7656972408294678 200.0 13.8217134475708 0.10261119157075882 0.08796896785497665 0.004794908221811056 0.01636352576315403
1297.8501238822937 2.769145965576172 200.0 13.778314590454102 0.10194408148527145 0.08760786801576614 0.0043212175369262695 0.016834964975714684
1395.1271736621857 2.7633121013641357 200.0 13.750847816467285 0.10152304172515869 0.08737026154994965 0.003617706475779414 0.013332375325262547
1484.054654598236 2.7484564781188965 200.0 13.724374771118164 0.10111813247203827 0.087134949862957 0.0029901734087616205 0.0094731030985713
1533.6456382274628 2.750521421432495 200.0 13.698397636413574 0.10072165727615356 0.08690179139375687 0.0020981887355446815 0.008081813342869282
1584.4417796134949 2.683048725128174 200.0 13.672935485839844 0.10033385455608368 0.08667066693305969 0.0003491333336569369 0.0014469253364950418
1632.279987335205 2.752108335494995 200.0 13.635778427124023 0.09976939111948013 0.08632759004831314 0.0006000886205583811 0.004479933064430952
1703.4303884506226 2.760068655014038 200.0 13.599223136901855 0.09921571612358093 0.08598866313695908 0.0011306620435789227 0.004505249205976725
1777.5278038978577 2.7351465225219727 200.0 13.563633918762207 0.09867826849222183 0.08565369248390198 0.0003452096425462514 0.0020011726301163435
1825.4084339141846 2.751082181930542 200.0 13.528552055358887 0.09814998507499695 0.0853225514292717 0.0005585994222201407 0.0005928367027081549
1896.7898058891296 2.727959156036377 200.0 13.493898391723633 0.09762966632843018 0.08499511331319809 0.0005087342578917742 0.00037328797043301165
1992.0112495422363 2.7531869411468506 200.0 13.459688186645508 0.09711746871471405 0.08467131853103638 0.0006053414545021951 0.000585312896873802
2043.9862582683563 2.761638641357422 200.0 13.425923347473145 0.0966133251786232 0.08435104042291641 0.0008125233580358326 0.00014994038792792708
2114.3905940055847 2.7481496334075928 200.0 13.403520584106445 0.09627959132194519 0.08413943648338318 0.000629819929599762 1.8347602235735394e-05
2169.9937438964844 2.737891435623169 200.0 13.370048522949219 0.09578215330839157 0.08382488042116165 0.0003201661165803671 0.00018932596140075475
2224.621659040451 2.7376041412353516 200.0 13.336915969848633 0.09529111534357071 0.08351368457078934 0.0008111571078188717 0.0006167602259665728
2287.0419001579285 2.7501986026763916 200.0 13.304265975952148 0.09480852633714676 0.08320575952529907 0.0009502288303337991 0.0006503798067569733
2378.4410738945007 2.7376439571380615 200.0 13.271682739257812 0.09432824701070786 0.08290105313062668 0.001053217682056129 0.0007924743695184588
2441.8915362358093 2.6710433959960938 200.0 13.239847183227539 0.09386025369167328 0.08259952068328857 0.00044940211228094995 0.00048046407755464315
2505.8239488601685 2.706105947494507 200.0 13.20804500579834 0.09339398145675659 0.0823010727763176 0.0013012593844905496 0.0011189893120899796
2565.3773856163025 2.6930370330810547 200.0 13.176589965820312 0.0929340198636055 0.08200567960739136 0.0003771465562749654 0.00037808765773661435
2618.0473227500916 2.751237154006958 200.0 13.145282745361328 0.09247743338346481 0.08171327412128448 9.063688776222989e-05 2.4842098355293274e-05
2670.7896428108215 2.749879837036133 200.0 13.114036560058594 0.09202294051647186 0.0814238116145134 0.0010040797060355544 0.0007739821448922157
2731.313873052597 2.7349443435668945 200.0 13.083406448364258 0.09157855063676834 0.08113725483417511 0.0007808981463313103 0.0006173433503136039
2783.1866703033447 2.7499945163726807 200.0 13.053080558776855 0.09113973379135132 0.08085352182388306 0.0009352363995276392 0.0006422610022127628
2835.9690079689026 2.7422449588775635 200.0 13.022878646850586 0.0907038077712059 0.08057257533073425 0.001428089803084731 0.0011763707734644413
2872.8218138217926 2.4950554370880127 200.0 12.993142127990723 0.09027568995952606 0.08029437810182571 0.0003673279716167599 0.00034387558116577566
2918.551985502243 2.739229679107666 200.0 12.963546752929688 0.08985069394111633 0.08001887053251266 0.000327000132529065 4.572162652038969e-05
2970.6471724510193 2.7531490325927734 200.0 12.933959007263184 0.08942686766386032 0.07974603772163391 0.0007258628611452878 0.0005137381958775222
3029.149405479431 2.748795747756958 200.0 12.904943466186523 0.0890122652053833 0.07947579771280289 0.00044632740900851786 0.00035671022487804294
3068.604642868042 2.751004934310913 200.0 12.876199722290039 0.08860258758068085 0.0792081207036972 0.0005886266008019447 0.0004056085890624672
3109.183785200119 2.7222208976745605 200.0 12.857133865356445 0.08833138644695282 0.0790310651063919 0.00047232804354280233 0.0003564187791198492
3184.722409963608 2.6763503551483154 200.0 12.828756332397461 0.08792856335639954 0.0787675678730011 0.00026586500462144613 0.0003538078162819147
3230.8156847953796 2.7525429725646973 200.0 12.80057430267334 0.0875294879078865 0.07850652188062668 0.0008764475933276117 0.0007427036762237549
3262.2731070518494 2.712523937225342 200.0 12.772515296936035 0.08713312447071075 0.07824790477752686 0.0003065435739699751 0.00036508121411316097
3309.483901977539 2.7007715702056885 200.0 12.744904518127441 0.08674401789903641 0.07799164950847626 0.0002437978982925415 0.00030199773027561605
3356.0587236881256 2.7442309856414795 200.0 12.717395782470703 0.08635728061199188 0.07773774117231369 0.00011096186062786728 0.00013245003356132656
3397.7142713069916 2.7430548667907715 200.0 12.69025707244873 0.08597663044929504 0.07748614251613617 0.0007429702091030777 0.0006158665637485683
3434.919639825821 2.7085928916931152 200.0 12.663212776184082 0.08559821546077728 0.07723679393529892 0.0004501130897551775 0.0004307632625568658
3471.299275636673 2.7081663608551025 200.0 12.636235237121582 0.08522162586450577 0.07698968797922134 0.0005612540990114212 0.0005258492892608047
3510.189696788788 2.7531490325927734 200.0 12.609428405761719 0.08484828472137451 0.07674479484558105 0.001180797815322876 0.0009420424466952682
3549.608555793762 2.6864256858825684 200.0 12.58276081085205 0.0844777449965477 0.07650207728147507 0.00020389968995004892 9.492335811955854e-05
3586.166279554367 2.702566623687744 200.0 12.556356430053711 0.08411172032356262 0.07626151293516159 0.0002198455185862258 8.248085214290768e-05
3629.291885614395 2.6966702938079834 200.0 12.530282974243164 0.0837511196732521 0.07602304220199585 0.0007457257597707212 0.0005242475308477879
3680.990206003189 2.7412571907043457 200.0 12.504060745239258 0.0833892896771431 0.07578666508197784 0.0007768021896481514 0.0005725444061681628
3726.332066297531 2.741628885269165 200.0 12.478133201599121 0.08303235471248627 0.07555234432220459 0.0006412706570699811 0.0005216976860538125
3799.840437412262 2.722529411315918 200.0 12.452397346496582 0.08267884701490402 0.0753200501203537 0.00013158368528820574 0.00010211697372142226
3841.0227620601654 2.754845142364502 200.0 12.426891326904297 0.08232931047677994 0.07508976757526398 0.0004867358657065779 0.0004567386640701443
3904.1052339076996 2.7557315826416016 200.0 12.40164566040039 0.08198411017656326 0.07486144453287125 0.00029772688867524266 0.0002650819078553468
3954.4586148262024 2.7481918334960938 200.0 12.376733779907227 0.0816442146897316 0.07463505864143372 0.00042156819836236537 0.00030243073706515133
4004.647249698639 2.7607874870300293 200.0 12.351875305175781 0.08130581676959991 0.074410580098629 0.0005046571022830904 0.0002693195128813386
4057.021068096161 2.7516555786132812 200.0 12.326910972595215 0.08096672594547272 0.0741879865527153 0.000306104717310518 0.00018907766207121313
4111.74138712883 2.7480850219726562 200.0 12.302480697631836 0.08063559979200363 0.07396726310253143 0.0004976080963388085 0.0003354176878929138
4179.031851768494 2.753112316131592 200.0 12.277865409851074 0.08030272275209427 0.07374835759401321 0.0006291266181506217 0.0003797385434154421
4243.8785717487335 2.758934497833252 200.0 12.25355339050293 0.07997466623783112 0.07353127002716064 0.00022742959845345467 0.00021962547907605767
4314.890809297562 2.746150016784668 200.0 12.229412078857422 0.07964958995580673 0.07331597805023193 0.00016284127195831388 4.370195711089764e-06
4381.076317310333 2.759056329727173 200.0 12.205503463745117 0.07932836562395096 0.0731024295091629 0.000692970585078001 0.000434654182754457
4457.440655708313 2.7106802463531494 200.0 12.181633949279785 0.07900835573673248 0.07289063930511475 3.612397995311767e-05 6.244102405617014e-05
4508.415906429291 2.6995840072631836 200.0 12.157930374145508 0.07869124412536621 0.07268055528402328 0.0005843042745254934 0.0005360255599953234
4558.693731069565 2.7246365547180176 200.0 12.134295463562012 0.07837574183940887 0.07247217744588852 0.0002622758911456913 0.00028359529096633196
4605.998425722122 2.763333320617676 200.0 12.11087703704834 0.07806377112865448 0.07226547598838806 0.000651125330477953 0.0003174040175508708
4665.665938138962 2.7593016624450684 200.0 12.087614059448242 0.07775454223155975 0.07206042855978012 0.0008233738481067121 0.00044860312482342124
4709.052606105804 2.763845205307007 200.0 12.06432819366455 0.07744565606117249 0.0718570277094841 0.0007884667138569057 0.0005061808042228222
4778.457329273224 2.7480905055999756 200.0 12.041353225708008 0.07714153081178665 0.07165524363517761 0.000262543122516945 0.00019091997819487005
4835.351402282715 2.7086033821105957 200.0 12.018237113952637 0.07683619111776352 0.07145505398511887 0.0004547887947410345 1.8170734620071016e-05
4882.849333286285 2.7678170204162598 200.0 11.995416641235352 0.07653538137674332 0.07125642895698547 0.00037922142655588686 0.00023087816953193396
4927.435559511185 2.718184232711792 200.0 11.972665786743164 0.07623609900474548 0.07105937600135803 0.00023857579799368978 1.1731388440239243e-05
4986.692599773407 2.764779806137085 200.0 11.950263023376465 0.0759420394897461 0.07086385041475296 6.720106466673315e-05 0.00012286112178117037
5042.207008600235 2.750619888305664 200.0 11.927897453308105 0.07564903050661087 0.07066985219717026 0.0004685496387537569 0.00014844707038719207
5094.188100576401 2.7587547302246094 200.0 11.9055814743042 0.07535728067159653 0.07047734409570694 0.0007613117340952158 0.0002695995499379933
5148.221982240677 2.7731661796569824 200.0 11.883367538452148 0.07506748288869858 0.07028631120920181 0.0007589620072394609 0.0004084821848664433
5204.006497859955 2.750483989715576 200.0 11.8684720993042 0.07487349212169647 0.07015977799892426 0.0005846628919243813 0.00021158705931156874
5248.712034702301 2.7220981121063232 200.0 11.846577644348145 0.07458881288766861 0.06997118145227432 0.0003523243067320436 0.00014737753372173756
5305.738488912582 2.7456741333007812 200.0 11.824529647827148 0.07430271804332733 0.06978403776884079 0.0008439383818767965 0.0005300468183122575
5366.783834934235 2.7391958236694336 200.0 11.802669525146484 0.0740196481347084 0.06959831714630127 0.00046187397674657404 0.0004445502127055079
5419.095942020416 2.786372661590576 200.0 11.788219451904297 0.07383284717798233 0.06947527080774307 0.0007558264769613743 0.0004233770596329123
5474.5561554431915 2.766026496887207 200.0 11.766496658325195 0.07355248928070068 0.06929188221693039 0.0006691697635687888 0.00040521944174543023
5544.721771478653 2.7650482654571533 200.0 11.745074272155762 0.0732765793800354 0.06910987198352814 0.00014052230108063668 3.8117846997920424e-05
5607.102071523666 2.7549655437469482 200.0 11.730757713317871 0.0730924978852272 0.06898928433656693 0.0006799636175855994 0.00039272167487069964
5668.917578697205 2.73696231842041 200.0 11.70928955078125 0.07281690090894699 0.06880953162908554 0.0009273026371374726 0.0005511320196092129
5710.864144086838 2.736233949661255 200.0 11.688045501708984 0.07254473119974136 0.0686311349272728 0.000825515657197684 0.0005975035601295531
5739.862240791321 2.7345030307769775 200.0 11.673940658569336 0.07236433029174805 0.0685129389166832 0.0005516370292752981 0.0003769049944821745
5814.604639291763 2.775068521499634 200.0 11.659977912902832 0.07218597084283829 0.06839532405138016 0.0005895904614590108 0.00024970510276034474
5881.48782491684 2.786792278289795 200.0 11.638916015625 0.07191738486289978 0.06821998953819275 0.0005316538736224174 0.00017288200615439564
5927.989699840546 2.792649984359741 200.0 11.624873161315918 0.071738600730896 0.06810382753610611 0.0007527422858402133 0.00035491923335939646
5981.8359496593475 2.723492383956909 200.0 11.610906600952148 0.07156102359294891 0.06798823177814484 1.6305395547533408e-05 5.227259680395946e-05
6035.8268048763275 2.733039617538452 200.0 11.59027099609375 0.07129906117916107 0.06781589984893799 0.00016063035582192242 3.603804543672595e-06
6082.934289932251 2.7362887859344482 200.0 11.569645881652832 0.07103776186704636 0.06764482706785202 8.352702570846304e-05 0.00022016830916982144
6127.914054632187 2.7830393314361572 200.0 11.55587100982666 0.0708635151386261 0.06753147393465042 0.0007870083791203797 0.00043515992001630366
6178.295006752014 2.7981104850769043 200.0 11.535232543945312 0.0706028938293457 0.067362479865551 0.0006287680589593947 0.00033785979030653834
6226.884516716003 2.731834650039673 200.0 11.514945030212402 0.07034720480442047 0.06719470769166946 0.0004241012502461672 0.0003819132689386606
6267.042062282562 2.801074504852295 200.0 11.49472713470459 0.07009285688400269 0.06702814996242523 0.00035627573379315436 0.00012879759015049785
6340.930871963501 2.790069103240967 200.0 11.481345176696777 0.06992479413747787 0.0669177696108818 0.0006273676990531385 0.00042694914736784995
6397.08803653717 2.7871522903442383 200.0 11.461357116699219 0.06967415660619736 0.06675320118665695 0.0007377630099654198 0.0004673266666941345
6441.069653749466 2.809906482696533 200.0 11.44124698638916 0.06942246854305267 0.06658980250358582 0.0005766990943811834 0.00023871213488746434
6502.297808647156 2.7666239738464355 200.0 11.428092956542969 0.06925808638334274 0.06648152321577072 1.9363871615496464e-05 5.748628609580919e-05
6559.902276992798 2.7645583152770996 200.0 11.408201217651367 0.06900991499423981 0.06632006168365479 0.0009232990560121834 0.000672563852276653
6614.382145643234 2.8104116916656494 200.0 11.39486312866211 0.068843774497509 0.06621305644512177 0.0007508568814955652 0.0004305967304389924
6663.3726172447205 2.7753047943115234 200.0 11.381636619567871 0.06867923587560654 0.06610656529664993 0.00014313499559648335 0.00018776992510538548
6742.551355600357 2.8078722953796387 200.0 11.368462562561035 0.06851553916931152 0.0660005658864975 0.0007490703137591481 0.0005221243482083082
6799.224230051041 2.7918286323547363 200.0 11.34888744354248 0.06827271729707718 0.06584250926971436 0.0008808820857666433 0.00046647718409076333
6864.990748643875 2.8006162643432617 200.0 11.335901260375977 0.06811188161373138 0.0657377615571022 0.0007255042437463999 0.0004702949372585863
6935.2874212265015 2.804446220397949 200.0 11.316387176513672 0.06787054985761642 0.0655815601348877 0.0009321414399892092 0.0005447565345093608
6996.59629368782 2.758702516555786 200.0 11.303218841552734 0.06770797073841095 0.06547803431749344 0.0002630710951052606 8.015193452592939e-05
7026.859917879105 2.616980791091919 200.0 11.283916473388672 0.0674700140953064 0.06532365083694458 0.0007315318216569722 0.0003767009184230119
7074.572241306305 2.8215365409851074 200.0 11.264546394348145 0.0672316700220108 0.06517034769058228 0.000341235805535689 9.357497037854046e-05
7153.298071861267 2.8184356689453125 200.0 11.245429039001465 0.06699687242507935 0.06501809507608414 0.0006852538790553808 0.00036263655056245625
7213.187725543976 2.767540454864502 200.0 11.226558685302734 0.06676556169986725 0.06486690044403076 0.00038715414120815694 0.00044694365351460874
